0	0.051
0.004	0.05
0.008	0.05
0.012	0.054
0.016	0.057
0.02	0.061
0.024	0.062
0.028	0.061
0.032	0.061
0.036	0.061
0.04	0.061
0.044	0.062
0.048	0.049
0.052	0.145
0.056	0.05
0.06	0.125
0.064	0.125
0.068	0.125
0.072	0.125
0.076	0.125
0.08	0.125
0.084	0.141
0.088	0.062
0.092	0.061
0.096	0.061
0.1	0.061
0.104	0.062
0.108	0.062
0.112	0.062
0.116	0.049
0.12	0.129
0.124	0.125
0.128	0.125
0.132	0.125
0.136	0.141
0.14	0.05
0.144	0.125
0.148	0.125
0.152	0.125
0.156	0.125
0.16	0.125
0.164	0.141
0.168	0.05
0.172	0.141
0.176	0.049
0.18	0.125
0.184	0.125
0.188	0.124
0.192	0.128
0.196	0.125
0.2	0.125
0.204	0.125
0.208	0.124
0.212	0.125
0.216	0.124
0.22	0.129
0.224	0.125
0.228	0.125
0.232	0.128
0.236	0.128
0.24	0.128
0.244	0.128
0.248	0.129
0.252	0.128
0.256	0.129
0.26	0.128
0.264	0.127
0.268	0.131
0.272	0.132
0.276	0.132
0.28	0.128
0.284	0.129
0.288	0.125
0.292	0.126
0.296	0.121
0.3	0.121
0.304	0.121
0.308	0.121
0.312	0.125
0.316	0.127
0.32	0.135
0.324	0.134
0.328	0.138
0.332	0.139
0.336	0.139
0.34	0.14
0.344	0.136
0.348	0.132
0.352	0.133
0.356	0.129
0.36	0.125
0.364	0.124
0.368	0.129
0.372	0.134
0.376	0.119
0.38	0.062
0.384	0.058
0.388	0.058
0.392	0.057
0.396	0.049
0.4	0.137
0.404	0.045
0.408	0.151
0.412	0.041
0.416	0.161
0.42	0.147
0.424	0.044
0.428	0.032
0.432	0.108
0.436	0.12
0.44	0.046
0.444	0.178
0.448	0.019
0.452	0.009
0.456	6.41E-04
0.46	-0.001
0.464	-0.003
0.468	-0.004
0.472	-0.004
0.476	-0.003
0.48	-0.002
0.484	-0.001
0.488	-0.01
0.492	0.121
0.496	0.165
0.5	0.063
0.504	0.034
0.508	0.026
0.512	0.014
0.516	0.178
0.52	0.052
0.524	0.024
0.528	0.187
0.532	0.042
0.536	0.147
0.54	0.127
0.544	0.132
0.548	0.132
0.552	0.13
0.556	0.124
0.56	0.129
0.564	0.128
0.568	0.132
0.572	0.146
0.576	0.062
0.58	0.061
0.584	0.062
0.588	0.049
0.592	0.128
0.596	0.146
0.6	0.057
0.604	0.05
0.608	0.141
0.612	0.062
0.616	0.058
0.62	0.058
0.624	0.058
0.628	0.058
0.632	0.062
0.636	0.058
0.64	0.046
0.644	0.122
0.648	0.121
0.652	0.121
0.656	0.12
0.66	0.124
0.664	0.125
0.668	0.124
0.672	0.126
0.676	0.122
0.68	0.12
0.684	0.105
0.688	0.121
0.692	0.121
0.696	0.121
0.7	0.12
0.704	0.122
0.708	0.12
0.712	0.125
0.716	0.125
0.72	0.125
0.724	0.13
0.728	0.105
0.732	0.104
0.736	0.104
0.74	0.105
0.744	0.1
0.748	0.104
0.752	0.104
0.756	0.103
0.76	0.108
0.764	0.105
0.768	0.121
0.772	0.121
0.776	0.125
0.78	0.104
0.784	0.105
0.788	0.1
0.792	0.11
0.796	0.053
0.8	0.114
0.804	0.053
0.808	0.1
0.812	0.12
0.816	0.128
0.82	0.129
0.824	0.13
0.828	0.125
0.832	0.108
0.836	0.108
0.84	0.119
0.844	0.065
0.848	0.062
0.852	0.058
0.856	0.058
0.86	0.062
0.864	0.058
0.868	0.058
0.872	0.053
0.876	0.062
0.88	0.058
0.884	0.058
0.888	0.055
0.892	0.05
0.896	0.054
0.9	0.055
0.904	0.054
0.908	0.049
0.912	0.1
0.916	0.125
0.92	0.125
0.924	0.124
0.928	0.129
0.932	0.128
0.936	0.128
0.94	0.13
0.944	0.125
0.948	0.124
0.952	0.129
0.956	0.141
0.96	0.061
0.964	0.049
0.968	0.141
0.972	0.049
0.976	0.125
0.98	0.124
0.984	0.128
0.988	0.129
0.992	0.128
0.996	0.146
1	0.058
1.004	0.049
1.008	0.128
1.012	0.132
1.016	0.132
1.02	0.128
1.024	0.128
1.028	0.128
1.032	0.131
1.036	0.135
1.04	0.136
1.044	0.132
1.048	0.128
1.052	0.128
1.056	0.125
1.06	0.124
1.064	0.125
1.068	0.123
1.072	0.132
1.076	0.128
1.08	0.128
1.084	0.122
1.088	0.156
1.092	0.046
1.096	0.146
1.1	0.024
1.104	0.189
1.108	0.031
1.112	0.023
1.116	0.02
1.12	0.016
1.124	0.166
1.128	0.008
1.132	-0.002
1.136	-0.007
1.14	-0.009
1.144	-0.01
1.148	-0.013
1.152	-0.013
1.156	-0.009
1.16	-0.009
1.164	-0.002
1.168	0.04
1.172	0.06
1.176	0.066
1.18	0.058
1.184	0.065
1.188	0.024
1.192	0.013
1.196	0.176
1.2	0.033
1.204	0.148
1.208	0.054
1.212	0.055
1.216	0.095
1.22	0.109
1.224	0.104
1.228	0.106
1.232	0.126
1.236	0.105
1.24	0.101
1.244	0.1
1.248	0.104
1.252	0.105
1.256	0.121
1.26	0.125
1.264	0.126
1.268	0.123
1.272	0.122
1.276	0.104
1.28	0.105
1.284	0.101
1.288	0.11
1.292	0.062
1.296	0.062
1.3	0.057
1.304	0.053
1.308	0.104
1.312	0.124
1.316	0.128
1.32	0.128
1.324	0.132
1.328	0.13
1.332	0.121
1.336	0.12
1.34	0.141
1.344	0.062
1.348	0.05
1.352	0.136
1.356	0.062
1.36	0.061
1.364	0.053
1.368	0.1
1.372	0.125
1.376	0.1
1.38	0.12
1.384	0.124
1.388	0.124
1.392	0.128
1.396	0.128
1.4	0.139
1.404	0.055
1.408	0.116
1.412	0.125
1.416	0.124
1.42	0.125
1.424	0.125
1.428	0.125
1.432	0.124
1.436	0.128
1.44	0.127
1.444	0.132
1.448	0.129
1.452	0.125
1.456	0.124
1.46	0.128
1.464	0.124
1.468	0.125
1.472	0.125
1.476	0.124
1.48	0.124
1.484	0.125
1.488	0.124
1.492	0.124
1.496	0.14
1.5	0.062
1.504	0.058
1.508	0.062
1.512	0.05
1.516	0.141
1.52	0.062
1.524	0.062
1.528	0.05
1.532	0.141
1.536	0.049
1.54	0.128
1.544	0.124
1.548	0.128
1.552	0.127
1.556	0.129
1.56	0.141
1.564	0.062
1.568	0.058
1.572	0.058
1.576	0.058
1.58	0.049
1.584	0.125
1.588	0.126
1.592	0.141
1.596	0.059
1.6	0.055
1.604	0.051
1.608	0.054
1.612	0.058
1.616	0.046
1.62	0.141
1.624	0.062
1.628	0.062
1.632	0.059
1.636	0.059
1.64	0.055
1.644	0.054
1.648	0.058
1.652	0.058
1.656	0.058
1.66	0.058
1.664	0.054
1.668	0.101
1.672	0.102
1.676	0.105
1.68	0.065
1.684	0.062
1.688	0.058
1.692	0.058
1.696	0.058
1.7	0.058
1.704	0.053
1.708	0.065
1.712	0.066
1.716	0.059
1.72	0.058
1.724	0.058
1.728	0.058
1.732	0.058
1.736	0.058
1.74	0.053
1.744	0.089
1.748	0.056
1.752	0.034
1.756	0.179
1.76	0.039
1.764	0.046
1.768	0.028
1.772	0.019
1.776	0.015
1.78	0.013
1.784	0.026
1.788	0.027
1.792	8.01E-04
1.796	-0.006
1.8	-0.008
1.804	-0.009
1.808	-0.009
1.812	-0.009
1.816	-0.009
1.82	-0.008
1.824	-0.003
1.828	-0.009
1.832	0.14
1.836	0.156
1.84	0.05
1.844	0.017
1.848	0.125
1.852	0.04
1.856	0.021
1.86	0.186
1.864	0.044
1.868	0.066
1.872	0.058
1.876	0.058
1.88	0.058
1.884	0.059
1.888	0.058
1.892	0.058
1.896	0.055
1.9	0.054
1.904	0.058
1.908	0.057
1.912	0.061
1.916	0.054
1.92	0.101
1.924	0.101
1.928	0.101
1.932	0.11
1.936	0.062
1.94	0.062
1.944	0.059
1.948	0.058
1.952	0.059
1.956	0.058
1.96	0.058
1.964	0.058
1.968	0.061
1.972	0.061
1.976	0.058
1.98	0.1
1.984	0.104
1.988	0.104
1.992	0.124
1.996	0.126
2	0.121
2.004	0.125
2.008	0.118
2.012	0.066
2.016	0.049
2.02	0.129
2.024	0.124
2.028	0.124
2.032	0.129
2.036	0.128
2.04	0.131
2.044	0.131
2.048	0.131
2.052	0.132
2.056	0.149
2.06	0.066
2.064	0.062
2.068	0.061
2.072	0.061
2.076	0.056
2.08	0.104
2.084	0.124
2.088	0.127
2.092	0.132
2.096	0.131
2.1	0.135
2.104	0.135
2.108	0.135
2.112	0.136
2.116	0.131
2.12	0.13
2.124	0.136
2.128	0.133
2.132	0.128
2.136	0.128
2.14	0.132
2.144	0.131
2.148	0.132
2.152	0.132
2.156	0.131
2.16	0.135
2.164	0.135
2.168	0.135
2.172	0.135
2.176	0.135
2.18	0.138
2.184	0.138
2.188	0.139
2.192	0.135
2.196	0.135
2.2	0.135
2.204	0.132
2.208	0.131
2.212	0.132
2.216	0.128
2.22	0.127
2.224	0.135
2.228	0.135
2.232	0.135
2.236	0.136
2.24	0.132
2.244	0.131
2.248	0.135
2.252	0.132
2.256	0.131
2.26	0.131
2.264	0.132
2.268	0.144
2.272	0.065
2.276	0.065
2.28	0.065
2.284	0.062
2.288	0.062
2.292	0.062
2.296	0.061
2.3	0.062
2.304	0.061
2.308	0.065
2.312	0.049
2.316	0.127
2.32	0.128
2.324	0.128
2.328	0.128
2.332	0.128
2.336	0.127
2.34	0.131
2.344	0.13
2.348	0.136
2.352	0.132
2.356	0.132
2.36	0.131
2.364	0.131
2.368	0.131
2.372	0.132
2.376	0.133
2.38	0.127
2.384	0.127
2.388	0.131
2.392	0.132
2.396	0.146
2.4	0.044
2.404	0.179
2.408	0.064
2.412	0.045
2.416	0.041
2.42	0.035
2.424	0.023
2.428	0.015
2.432	0.014
2.436	0.013
2.44	0.06
2.444	0.007
2.448	-0.003
2.452	-0.008
2.456	-0.013
2.46	-0.014
2.464	-0.014
2.468	-0.014
2.472	-0.009
2.476	-0.009
2.48	0.003
2.484	0.031
2.488	0.162
2.492	0.023
2.496	0.017
2.5	0.02
2.504	0.011
2.508	0.177
2.512	0.022
2.516	0.156
2.52	0.127
2.524	0.131
2.528	0.133
2.532	0.128
2.536	0.129
2.54	0.134
2.544	0.104
2.548	0.103
2.552	0.129
2.556	0.133
2.56	0.108
2.564	0.108
2.568	0.109
2.572	0.105
2.576	0.105
2.58	0.1
2.584	0.105
2.588	0.1
2.592	0.104
2.596	0.104
2.6	0.108
2.604	0.104
2.608	0.104
2.612	0.104
2.616	0.104
2.62	0.104
2.624	0.098
2.628	0.131
2.632	0.136
2.636	0.138
2.64	0.103
2.644	0.131
2.648	0.132
2.652	0.131
2.656	0.132
2.66	0.132
2.664	0.132
2.668	0.135
2.672	0.104
2.676	0.109
2.68	0.105
2.684	0.101
2.688	0.101
2.692	0.101
2.696	0.1
2.7	0.104
2.704	0.104
2.708	0.104
2.712	0.103
2.716	0.133
2.72	0.11
2.724	0.101
2.728	0.1
2.732	0.098
2.736	0.11
2.74	0.102
2.744	0.098
2.748	0.106
2.752	0.062
2.756	0.062
2.76	0.059
2.764	0.055
2.768	0.055
2.772	0.054
2.776	0.057
2.78	0.053
2.784	0.1
2.788	0.105
2.792	0.1
2.796	0.105
2.8	0.101
2.804	0.101
2.808	0.101
2.812	0.101
2.816	0.1
2.82	0.104
2.824	0.106
2.828	0.097
2.832	0.09
2.836	0.135
2.84	0.105
2.844	0.105
2.848	0.101
2.852	0.101
2.856	0.101
2.86	0.1
2.864	0.105
2.868	0.101
2.872	0.101
2.876	0.102
2.88	0.106
2.884	0.062
2.888	0.061
2.892	0.062
2.896	0.058
2.9	0.058
2.904	0.058
2.908	0.062
2.912	0.058
2.916	0.058
2.92	0.057
2.924	0.057
2.928	0.061
2.932	0.062
2.936	0.052
2.94	0.098
2.944	0.055
2.948	0.055
2.952	0.054
2.956	0.059
2.96	0.058
2.964	0.055
2.968	0.055
2.972	0.054
2.976	0.054
2.98	0.054
2.984	0.054
2.988	0.054
2.992	0.054
2.996	0.054
3	0.058
3.004	0.058
3.008	0.058
3.012	0.058
3.016	0.057
3.02	0.057
3.024	0.058
3.028	0.058
3.032	0.058
3.036	0.053
3.04	0.089
3.044	0.058
3.048	0.062
3.052	0.058
3.056	0.042
3.06	0.175
3.064	0.025
3.068	0.194
3.072	0.034
3.076	0.026
3.08	0.02
3.084	0.014
3.088	0.018
3.092	0.029
3.096	0.036
3.1	-0.002
3.104	-0.008
3.108	-0.013
3.112	-0.014
3.116	-0.015
3.12	-0.012
3.124	-0.015
3.128	-0.011
3.132	-0.009
3.136	0.026
3.14	0.053
3.144	0.071
3.148	0.019
3.152	0.022
3.156	0.01
3.16	0.157
3.164	0.021
3.168	0.188
3.172	0.045
3.176	0.062
3.18	0.054
3.184	0.111
3.188	0.053
3.192	0.102
3.196	0.106
3.2	0.062
3.204	0.05
3.208	0.101
3.212	0.102
3.216	0.106
3.22	0.061
3.224	0.061
3.228	0.061
3.232	0.062
3.236	0.058
3.24	0.057
3.244	0.054
3.248	0.106
3.252	0.062
3.256	0.062
3.26	0.058
3.264	0.054
3.268	0.106
3.272	0.055
3.276	0.106
3.28	0.062
3.284	0.062
3.288	0.058
3.292	0.055
3.296	0.106
3.3	0.062
3.304	0.058
3.308	0.058
3.312	0.058
3.316	0.058
3.32	0.058
3.324	0.058
3.328	0.058
3.332	0.058
3.336	0.058
3.34	0.058
3.344	0.058
3.348	0.051
3.352	0.102
3.356	0.059
3.36	0.058
3.364	0.058
3.368	0.058
3.372	0.061
3.376	0.062
3.38	0.059
3.384	0.058
3.388	0.058
3.392	0.058
3.396	0.058
3.4	0.058
3.404	0.058
3.408	0.058
3.412	0.058
3.416	0.058
3.42	0.058
3.424	0.058
3.428	0.058
3.432	0.058
3.436	0.058
3.44	0.058
3.444	0.058
3.448	0.058
3.452	0.051
3.456	0.098
3.46	0.058
3.464	0.058
3.468	0.058
3.472	0.058
3.476	0.058
3.48	0.058
3.484	0.058
3.488	0.058
3.492	0.058
3.496	0.058
3.5	0.055
3.504	0.054
3.508	0.058
3.512	0.058
3.516	0.055
3.52	0.054
3.524	0.057
3.528	0.058
3.532	0.058
3.536	0.058
3.54	0.058
3.544	0.058
3.548	0.058
3.552	0.057
3.556	0.05
3.56	0.106
3.564	0.059
3.568	0.058
3.572	0.058
3.576	0.054
3.58	0.058
3.584	0.058
3.588	0.058
3.592	0.058
3.596	0.058
3.6	0.058
3.604	0.055
3.608	0.055
3.612	0.055
3.616	0.054
3.62	0.057
3.624	0.057
3.628	0.057
3.632	0.058
3.636	0.058
3.64	0.058
3.644	0.058
3.648	0.058
3.652	0.058
3.656	0.058
3.66	0.049
3.664	0.115
3.668	0.061
3.672	0.062
3.676	0.058
3.68	0.058
3.684	0.058
3.688	0.058
3.692	0.058
3.696	0.058
3.7	0.058
3.704	0.058
3.708	0.048
3.712	0.121
3.716	0.06
3.72	0.04
3.724	0.07
3.728	0.038
3.732	0.026
3.736	0.018
3.74	0.009
3.744	0.032
3.748	0.049
3.752	0.017
3.756	-6.35E-04
3.76	-0.007
3.764	-0.009
3.768	-0.013
3.772	-0.014
3.776	-0.014
3.78	-0.013
3.784	-0.009
3.788	-0.006
3.792	-1.88E-04
3.796	0.118
3.8	0.058
3.804	0.039
3.808	0.013
3.812	0.123
3.816	0.031
3.82	0.034
3.824	0.109
3.828	0.05
3.832	0.057
3.836	0.058
3.84	0.058
3.844	0.058
3.848	0.058
3.852	0.058
3.856	0.058
3.86	0.058
3.864	0.058
3.868	0.057
3.872	0.056
3.876	0.066
3.88	0.058
3.884	0.058
3.888	0.058
3.892	0.058
3.896	0.058
3.9	0.058
3.904	0.058
3.908	0.061
3.912	0.061
3.916	0.061
3.92	0.061
3.924	0.061
3.928	0.061
3.932	0.061
3.936	0.061
3.94	0.061
3.944	0.061
3.948	0.061
3.952	0.061
3.956	0.061
3.96	0.061
3.964	0.061
3.968	0.061
3.972	0.062
3.976	0.052
3.98	0.119
3.984	0.065
3.988	0.062
3.992	0.062
3.996	0.062
4	0.062
4.004	0.062
4.008	0.061
4.012	0.065
4.016	0.059
4.02	0.098
4.024	0.097
4.028	0.102
4.032	0.098
4.036	0.098
4.04	0.106
4.044	0.062
4.048	0.061
4.052	0.054
4.056	0.098
4.06	0.097
4.064	0.101
4.068	0.099
4.072	0.094
4.076	0.097
4.08	0.089
4.084	0.148
4.088	0.105
4.092	0.106
4.096	0.102
4.1	0.101
4.104	0.104
4.108	0.109
4.112	0.109
4.116	0.109
4.12	0.105
4.124	0.105
4.128	0.105
4.132	0.105
4.136	0.102
4.14	0.101
4.144	0.101
4.148	0.101
4.152	0.106
4.156	0.098
4.16	0.098
4.164	0.097
4.168	0.101
4.172	0.104
4.176	0.105
4.18	0.101
4.184	0.092
4.188	0.147
4.192	0.111
4.196	0.11
4.2	0.065
4.204	0.065
4.208	0.062
4.212	0.061
4.216	0.062
4.22	0.059
4.224	0.058
4.228	0.058
4.232	0.058
4.236	0.058
4.24	0.058
4.244	0.061
4.248	0.062
4.252	0.058
4.256	0.058
4.26	0.058
4.264	0.058
4.268	0.058
4.272	0.058
4.276	0.058
4.28	0.058
4.284	0.061
4.288	0.053
4.292	0.11
4.296	0.063
4.3	0.058
4.304	0.058
4.308	0.058
4.312	0.058
4.316	0.061
4.32	0.062
4.324	0.059
4.328	0.058
4.332	0.058
4.336	0.061
4.34	0.061
4.344	0.062
4.348	0.062
4.352	0.061
4.356	0.065
4.36	0.062
4.364	0.05
4.368	0.097
4.372	0.115
4.376	0.027
4.38	0.197
4.384	0.035
4.388	0.046
4.392	0.027
4.396	0.019
4.4	0.014
4.404	0.019
4.408	0.05
4.412	0.009
4.416	-0.002
4.42	-0.007
4.424	-0.009
4.428	-0.013
4.432	-0.013
4.436	-0.013
4.44	-0.009
4.444	-0.009
4.448	-0.001
4.452	0.036
4.456	0.064
4.46	0.055
4.464	0.031
4.468	0.021
4.472	0.027
4.476	0.038
4.48	0.055
4.484	0.046
4.488	0.049
4.492	0.111
4.496	0.058
4.5	0.052
4.504	0.097
4.508	0.062
4.512	0.062
4.516	0.058
4.52	0.058
4.524	0.059
4.528	0.058
4.532	0.058
4.536	0.059
4.54	0.058
4.544	0.061
4.548	0.061
4.552	0.062
4.556	0.062
4.56	0.062
4.564	0.062
4.568	0.061
4.572	0.061
4.576	0.062
4.58	0.058
4.584	0.058
4.588	0.058
4.592	0.058
4.596	0.061
4.6	0.061
4.604	0.053
4.608	0.102
4.612	0.106
4.616	0.062
4.62	0.061
4.624	0.061
4.628	0.062
4.632	0.062
4.636	0.061
4.64	0.061
4.644	0.062
4.648	0.062
4.652	0.055
4.656	0.106
4.66	0.062
4.664	0.062
4.668	0.061
4.672	0.061
4.676	0.061
4.68	0.061
4.684	0.061
4.688	0.061
4.692	0.061
4.696	0.061
4.7	0.061
4.704	0.061
4.708	0.062
4.712	0.053
4.716	0.11
4.72	0.055
4.724	0.097
4.728	0.101
4.732	0.101
4.736	0.101
4.74	0.101
4.744	0.101
4.748	0.101
4.752	0.105
4.756	0.101
4.76	0.104
4.764	0.105
4.768	0.104
4.772	0.104
4.776	0.104
4.78	0.104
4.784	0.105
4.788	0.105
4.792	0.105
4.796	0.104
4.8	0.105
4.804	0.101
4.808	0.105
4.812	0.105
4.816	0.101
4.82	0.105
4.824	0.101
4.828	0.105
4.832	0.105
4.836	0.102
4.84	0.102
4.844	0.101
4.848	0.101
4.852	0.101
4.856	0.102
4.86	0.101
4.864	0.102
4.868	0.101
4.872	0.101
4.876	0.102
4.88	0.102
4.884	0.101
4.888	0.101
4.892	0.105
4.896	0.101
4.9	0.101
4.904	0.104
4.908	0.105
4.912	0.101
4.916	0.104
4.92	0.104
4.924	0.106
4.928	0.096
4.932	0.105
4.936	0.105
4.94	0.105
4.944	0.105
4.948	0.102
4.952	0.101
4.956	0.105
4.96	0.101
4.964	0.101
4.968	0.101
4.972	0.101
4.976	0.102
4.98	0.101
4.984	0.101
4.988	0.101
4.992	0.101
4.996	0.101
5	0.101
5.004	0.102
5.008	0.098
5.012	0.097
5.016	0.105
5.02	0.062
5.024	0.049
5.028	0.116
5.032	0.082
5.036	0.027
5.04	0.197
5.044	0.038
5.048	0.034
5.052	0.029
5.056	0.016
5.06	0.014
5.064	0.017
5.068	0.064
5.072	0.008
5.076	-0.002
5.08	-0.007
5.084	-0.009
5.088	-0.013
5.092	-0.013
5.096	-0.013
5.1	-0.009
5.104	-0.009
5.108	-0.001
5.112	0.028
5.116	0.111
5.12	0.097
5.124	0.119
5.128	0.028
5.132	0.027
5.136	0.017
5.14	0.179
5.144	0.031
5.148	0.148
5.152	0.105
5.156	0.106
5.16	0.096
5.164	0.106
5.168	0.101
5.172	0.105
5.176	0.105
5.18	0.105
5.184	0.105
5.188	0.105
5.192	0.105
5.196	0.105
5.2	0.105
5.204	0.105
5.208	0.105
5.212	0.105
5.216	0.105
5.22	0.105
5.224	0.104
5.228	0.105
5.232	0.105
5.236	0.106
5.24	0.1
5.244	0.1
5.248	0.106
5.252	0.101
5.256	0.104
5.26	0.105
5.264	0.105
5.268	0.105
5.272	0.104
5.276	0.105
5.28	0.101
5.284	0.101
5.288	0.101
5.292	0.102
5.296	0.101
5.3	0.101
5.304	0.101
5.308	0.101
5.312	0.101
5.316	0.101
5.32	0.101
5.324	0.101
5.328	0.101
5.332	0.1
5.336	0.104
5.34	0.105
5.344	0.105
5.348	0.101
5.352	0.101
5.356	0.104
5.36	0.104
5.364	0.105
5.368	0.105
5.372	0.104
5.376	0.104
5.38	0.104
5.384	0.105
5.388	0.101
5.392	0.101
5.396	0.105
5.4	0.101
5.404	0.101
5.408	0.101
5.412	0.101
5.416	0.101
5.42	0.098
5.424	0.097
5.428	0.097
5.432	0.097
5.436	0.098
5.44	0.097
5.444	0.097
5.448	0.102
5.452	0.1
5.456	0.059
5.46	0.097
5.464	0.098
5.468	0.097
5.472	0.101
5.476	0.101
5.48	0.101
5.484	0.101
5.488	0.101
5.492	0.104
5.496	0.105
5.5	0.101
5.504	0.101
5.508	0.101
5.512	0.101
5.516	0.101
5.52	0.101
5.524	0.101
5.528	0.101
5.532	0.101
5.536	0.1
5.54	0.101
5.544	0.097
5.548	0.101
5.552	0.101
5.556	0.102
5.56	0.097
5.564	0.098
5.568	0.098
5.572	0.097
5.576	0.101
5.58	0.101
5.584	0.101
5.588	0.102
5.592	0.097
5.596	0.101
5.6	0.098
5.604	0.106
5.608	0.062
5.612	0.062
5.616	0.062
5.62	0.061
5.624	0.061
5.628	0.061
5.632	0.061
5.636	0.061
5.64	0.062
5.644	0.061
5.648	0.061
5.652	0.062
5.656	0.061
5.66	0.057
5.664	0.091
5.668	0.062
5.672	0.062
5.676	0.062
5.68	0.062
5.684	0.053
5.688	0.117
5.692	0.054
5.696	0.057
5.7	0.069
5.704	0.045
5.708	0.035
5.712	0.07
5.716	0.023
5.72	0.018
5.724	0.019
5.728	0.034
5.732	0.056
5.736	0.004
5.74	-0.004
5.744	-0.007
5.748	-0.009
5.752	-0.009
5.756	-0.009
5.76	-0.009
5.764	-0.008
5.768	-0.004
5.772	-0.012
5.776	0.145
5.78	0.115
5.784	0.046
5.788	0.029
5.792	0.012
5.796	0.161
5.8	0.038
5.804	0.049
5.808	0.053
5.812	0.119
5.816	0.054
5.82	0.097
5.824	0.102
5.828	0.097
5.832	0.101
5.836	0.101
5.84	0.101
5.844	0.101
5.848	0.101
5.852	0.105
5.856	0.065
5.86	0.065
5.864	0.062
5.868	0.062
5.872	0.053
5.876	0.115
5.88	0.065
5.884	0.065
5.888	0.065
5.892	0.065
5.896	0.065
5.9	0.062
5.904	0.062
5.908	0.061
5.912	0.061
5.916	0.054
5.92	0.098
5.924	0.098
5.928	0.097
5.932	0.101
5.936	0.101
5.94	0.101
5.944	0.101
5.948	0.101
5.952	0.101
5.956	0.101
5.96	0.101
5.964	0.101
5.968	0.101
5.972	0.101
5.976	0.101
5.98	0.093
5.984	0.155
5.988	0.062
5.992	0.061
5.996	0.062
6	0.061
6.004	0.062
6.008	0.062
6.012	0.062
6.016	0.055
6.02	0.106
6.024	0.055
6.028	0.097
6.032	0.098
6.036	0.106
6.04	0.062
6.044	0.061
6.048	0.061
6.052	0.061
6.056	0.061
6.06	0.062
6.064	0.058
6.068	0.058
6.072	0.058
6.076	0.058
6.08	0.058
6.084	0.051
6.088	0.106
6.092	0.058
6.096	0.062
6.1	0.062
6.104	0.058
6.108	0.062
6.112	0.058
6.116	0.062
6.12	0.058
6.124	0.058
6.128	0.058
6.132	0.061
6.136	0.062
6.14	0.062
6.144	0.062
6.148	0.062
6.152	0.055
6.156	0.106
6.16	0.062
6.164	0.061
6.168	0.061
6.172	0.061
6.176	0.061
6.18	0.061
6.184	0.061
6.188	0.061
6.192	0.052
6.196	0.119
6.2	0.058
6.204	0.106
6.208	0.065
6.212	0.062
6.216	0.062
6.22	0.062
6.224	0.062
6.228	0.061
6.232	0.061
6.236	0.062
6.24	0.062
6.244	0.055
6.248	0.098
6.252	0.098
6.256	0.098
6.26	0.098
6.264	0.098
6.268	0.097
6.272	0.101
6.276	0.101
6.28	0.098
6.284	0.105
6.288	0.065
6.292	0.062
6.296	0.053
6.3	0.11
6.304	0.106
6.308	0.059
6.312	0.097
6.316	0.101
6.32	0.11
6.324	0.062
6.328	0.062
6.332	0.055
6.336	0.093
6.34	0.097
6.344	0.096
6.348	0.109
6.352	0.089
6.356	0.037
6.36	0.178
6.364	0.034
6.368	0.167
6.372	0.029
6.376	0.119
6.38	0.028
6.384	0.019
6.388	0.02
6.392	0.032
6.396	0.046
6.4	0.006
6.404	-0.002
6.408	-0.006
6.412	-0.008
6.416	-0.009
6.42	-0.009
6.424	-0.009
6.428	-0.009
6.432	-0.003
6.436	-0.013
6.44	0.11
6.444	0.113
6.448	0.054
6.452	0.041
6.456	0.026
6.46	0.056
6.464	0.048
6.468	0.021
6.472	0.181
6.476	0.047
6.48	0.092
6.484	0.101
6.488	0.102
6.492	0.105
6.496	0.065
6.5	0.061
6.504	0.057
6.508	0.1
6.512	0.101
6.516	0.102
6.52	0.098
6.524	0.098
6.528	0.098
6.532	0.098
6.536	0.097
6.54	0.101
6.544	0.101
6.548	0.102
6.552	0.097
6.556	0.097
6.56	0.101
6.564	0.105
6.568	0.102
6.572	0.097
6.576	0.101
6.58	0.101
6.584	0.102
6.588	0.098
6.592	0.097
6.596	0.097
6.6	0.101
6.604	0.098
6.608	0.098
6.612	0.098
6.616	0.095
6.62	0.105
6.624	0.114
6.628	0.065
6.632	0.058
6.636	0.098
6.64	0.098
6.644	0.106
6.648	0.061
6.652	0.065
6.656	0.066
6.66	0.062
6.664	0.061
6.668	0.061
6.672	0.066
6.676	0.062
6.68	0.058
6.684	0.061
6.688	0.061
6.692	0.061
6.696	0.061
6.7	0.062
6.704	0.058
6.708	0.058
6.712	0.057
6.716	0.061
6.72	0.061
6.724	0.053
6.728	0.109
6.732	0.066
6.736	0.061
6.74	0.061
6.744	0.062
6.748	0.058
6.752	0.061
6.756	0.061
6.76	0.062
6.764	0.062
6.768	0.058
6.772	0.059
6.776	0.058
6.78	0.058
6.784	0.061
6.788	0.061
6.792	0.062
6.796	0.062
6.8	0.062
6.804	0.058
6.808	0.061
6.812	0.061
6.816	0.061
6.82	0.062
6.824	0.062
6.828	0.053
6.832	0.111
6.836	0.062
6.84	0.062
6.844	0.061
6.848	0.062
6.852	0.062
6.856	0.062
6.86	0.058
6.864	0.061
6.868	0.062
6.872	0.058
6.876	0.061
6.88	0.061
6.884	0.061
6.888	0.061
6.892	0.061
6.896	0.062
6.9	0.058
6.904	0.058
6.908	0.061
6.912	0.061
6.916	0.061
6.92	0.062
6.924	0.058
6.928	0.061
6.932	0.062
6.936	0.052
6.94	0.097
6.944	0.062
6.948	0.062
6.952	0.062
6.956	0.062
6.96	0.059
6.964	0.058
6.968	0.058
6.972	0.059
6.976	0.058
6.98	0.061
6.984	0.061
6.988	0.061
6.992	0.061
6.996	0.062
7	0.058
7.004	0.058
7.008	0.058
7.012	0.062
7.016	0.059
7.02	0.037
7.024	0.179
7.028	0.029
7.032	0.181
7.036	0.019
7.04	0.195
7.044	0.027
7.048	0.022
7.052	0.021
7.056	0.024
7.06	0.039
7.064	0.052
7.068	0.002
7.072	-0.004
7.076	-0.007
7.08	-0.008
7.084	-0.008
7.088	-0.008
7.092	-0.008
7.096	-0.008
7.1	-0.003
7.104	-0.011
7.108	0.148
7.112	0.105
7.116	0.109
7.12	0.051
7.124	0.163
7.128	0.032
7.132	0.017
7.136	0.189
7.14	0.032
7.144	0.156
7.148	0.05
7.152	0.098
7.156	0.093
7.16	0.106
7.164	0.055
7.168	0.106
7.172	0.062
7.176	0.055
7.18	0.098
7.184	0.098
7.188	0.106
7.192	0.062
7.196	0.055
7.2	0.098
7.204	0.097
7.208	0.098
7.212	0.097
7.216	0.101
7.22	0.101
7.224	0.101
7.228	0.101
7.232	0.101
7.236	0.101
7.24	0.101
7.244	0.098
7.248	0.097
7.252	0.101
7.256	0.101
7.26	0.097
7.264	0.102
7.268	0.106
7.272	0.055
7.276	0.098
7.28	0.098
7.284	0.098
7.288	0.098
7.292	0.106
7.296	0.062
7.3	0.054
7.304	0.101
7.308	0.098
7.312	0.098
7.316	0.106
7.32	0.062
7.324	0.062
7.328	0.061
7.332	0.062
7.336	0.058
7.34	0.062
7.344	0.058
7.348	0.058
7.352	0.058
7.356	0.058
7.36	0.058
7.364	0.057
7.368	0.066
7.372	0.062
7.376	0.058
7.38	0.058
7.384	0.061
7.388	0.061
7.392	0.061
7.396	0.061
7.4	0.062
7.404	0.061
7.408	0.058
7.412	0.097
7.416	0.105
7.42	0.059
7.424	0.097
7.428	0.097
7.432	0.098
7.436	0.097
7.44	0.101
7.444	0.098
7.448	0.093
7.452	0.105
7.456	0.058
7.46	0.105
7.464	0.058
7.468	0.098
7.472	0.093
7.476	0.106
7.48	0.062
7.484	0.061
7.488	0.059
7.492	0.097
7.496	0.101
7.5	0.101
7.504	0.101
7.508	0.101
7.512	0.1
7.516	0.105
7.52	0.104
7.524	0.105
7.528	0.105
7.532	0.105
7.536	0.104
7.54	0.104
7.544	0.105
7.548	0.105
7.552	0.104
7.556	0.104
7.56	0.104
7.564	0.105
7.568	0.105
7.572	0.104
7.576	0.104
7.58	0.104
7.584	0.105
7.588	0.109
7.592	0.105
7.596	0.108
7.6	0.108
7.604	0.109
7.608	0.105
7.612	0.105
7.616	0.105
7.62	0.105
7.624	0.105
7.628	0.105
7.632	0.105
7.636	0.105
7.64	0.105
7.644	0.101
7.648	0.101
7.652	0.101
7.656	0.101
7.66	0.105
7.664	0.101
7.668	0.102
7.672	0.097
7.676	0.102
7.68	0.09
7.684	0.131
7.688	0.156
7.692	0.04
7.696	0.187
7.7	0.031
7.704	0.192
7.708	0.038
7.712	0.029
7.716	0.057
7.72	0.019
7.724	0.018
7.728	0.056
7.732	0.024
7.736	0.007
7.74	-0.003
7.744	-0.005
7.748	-0.007
7.752	-0.01
7.756	-0.01
7.76	-0.01
7.764	-0.007
7.768	-0.003
7.772	4.02E-05
7.776	0.039
7.78	0.141
7.784	0.129
7.788	0.04
7.792	0.033
7.796	0.121
7.8	0.035
7.804	0.028
7.808	0.162
7.812	0.049
7.816	0.083
7.82	0.105
7.824	0.101
7.828	0.1
7.832	0.101
7.836	0.105
7.84	0.101
7.844	0.101
7.848	0.102
7.852	0.101
7.856	0.101
7.86	0.102
7.864	0.098
7.868	0.098
7.872	0.097
7.876	0.098
7.88	0.098
7.884	0.098
7.888	0.093
7.892	0.097
7.896	0.097
7.9	0.102
7.904	0.093
7.908	0.101
7.912	0.101
7.916	0.101
7.92	0.101
7.924	0.101
7.928	0.101
7.932	0.101
7.936	0.101
7.94	0.101
7.944	0.101
7.948	0.101
7.952	0.101
7.956	0.101
7.96	0.101
7.964	0.101
7.968	0.101
7.972	0.101
7.976	0.101
7.98	0.101
7.984	0.101
7.988	0.102
7.992	0.097
7.996	0.101
8	0.1
8.004	0.1
8.008	0.105
8.012	0.102
8.016	0.102
8.02	0.102
8.024	0.097
8.028	0.101
8.032	0.101
8.036	0.101
8.04	0.101
8.044	0.101
8.048	0.097
8.052	0.101
8.056	0.102
8.06	0.097
8.064	0.101
8.068	0.101
8.072	0.101
8.076	0.101
8.08	0.101
8.084	0.101
8.088	0.101
8.092	0.101
8.096	0.101
8.1	0.101
8.104	0.101
8.108	0.101
8.112	0.099
8.116	0.109
8.12	0.102
8.124	0.101
8.128	0.101
8.132	0.101
8.136	0.101
8.14	0.101
8.144	0.101
8.148	0.101
8.152	0.101
8.156	0.1
8.16	0.104
8.164	0.104
8.168	0.105
8.172	0.101
8.176	0.101
8.18	0.101
8.184	0.101
8.188	0.101
8.192	0.102
8.196	0.106
8.2	0.054
8.204	0.097
8.208	0.102
8.212	0.106
8.216	0.061
8.22	0.054
8.224	0.101
8.228	0.102
8.232	0.101
8.236	0.102
8.24	0.097
8.244	0.101
8.248	0.101
8.252	0.101
8.256	0.101
8.26	0.102
8.264	0.101
8.268	0.101
8.272	0.101
8.276	0.101
8.28	0.101
8.284	0.101
8.288	0.101
8.292	0.101
8.296	0.101
8.3	0.101
8.304	0.101
8.308	0.101
8.312	0.104
8.316	0.104
8.32	0.104
8.324	0.105
8.328	0.102
8.332	0.097
8.336	0.097
8.34	0.101
8.344	0.101
8.348	0.104
8.352	0.113
8.356	0.093
8.36	0.044
8.364	0.183
8.368	0.031
8.372	0.196
8.376	0.039
8.38	0.048
8.384	0.045
8.388	0.023
8.392	0.019
8.396	0.018
8.4	0.049
8.404	0.017
8.408	0.005
8.412	-0.003
8.416	-0.006
8.42	-0.007
8.424	-0.01
8.428	-0.008
8.432	-0.01
8.436	-0.006
8.44	-0.002
8.444	0.007
8.448	0.033
8.452	0.101
8.456	0.111
8.46	0.064
8.464	0.029
8.468	0.031
8.472	0.025
8.476	0.183
8.48	0.029
8.484	0.168
8.488	0.1
8.492	0.108
8.496	0.109
8.5	0.105
8.504	0.105
8.508	0.104
8.512	0.104
8.516	0.104
8.52	0.104
8.524	0.105
8.528	0.104
8.532	0.109
8.536	0.104
8.54	0.108
8.544	0.108
8.548	0.108
8.552	0.109
8.556	0.105
8.56	0.105
8.564	0.105
8.568	0.104
8.572	0.108
8.576	0.109
8.58	0.105
8.584	0.109
8.588	0.104
8.592	0.109
8.596	0.105
8.6	0.105
8.604	0.105
8.608	0.104
8.612	0.108
8.616	0.105
8.62	0.104
8.624	0.108
8.628	0.104
8.632	0.108
8.636	0.108
8.64	0.108
8.644	0.108
8.648	0.107
8.652	0.112
8.656	0.108
8.66	0.11
8.664	0.105
8.668	0.105
8.672	0.105
8.676	0.105
8.68	0.101
8.684	0.102
8.688	0.101
8.692	0.101
8.696	0.101
8.7	0.101
8.704	0.101
8.708	0.101
8.712	0.101
8.716	0.101
8.72	0.101
8.724	0.101
8.728	0.101
8.732	0.101
8.736	0.101
8.74	0.101
8.744	0.101
8.748	0.101
8.752	0.104
8.756	0.103
8.76	0.109
8.764	0.104
8.768	0.105
8.772	0.105
8.776	0.105
8.78	0.105
8.784	0.105
8.788	0.105
8.792	0.104
8.796	0.105
8.8	0.102
8.804	0.101
8.808	0.104
8.812	0.105
8.816	0.105
8.82	0.105
8.824	0.105
8.828	0.104
8.832	0.105
8.836	0.104
8.84	0.105
8.844	0.105
8.848	0.101
8.852	0.101
8.856	0.1
8.86	0.105
8.864	0.1
8.868	0.105
8.872	0.101
8.876	0.104
8.88	0.105
8.884	0.104
8.888	0.104
8.892	0.105
8.896	0.105
8.9	0.105
8.904	0.108
8.908	0.109
8.912	0.104
8.916	0.108
8.92	0.108
8.924	0.108
8.928	0.109
8.932	0.108
8.936	0.108
8.94	0.108
8.944	0.108
8.948	0.108
8.952	0.108
8.956	0.108
8.96	0.108
8.964	0.108
8.968	0.108
8.972	0.109
8.976	0.103
8.98	0.108
8.984	0.109
8.988	0.109
8.992	0.108
8.996	0.108
9	0.108
9.004	0.107
9.008	0.132
9.012	0.137
9.016	0.112
9.02	0.114
9.024	0.093
9.028	0.135
9.032	0.16
9.036	0.043
9.04	0.194
9.044	0.027
9.048	0.197
9.052	0.038
9.056	0.028
9.06	0.063
9.064	0.05
9.068	0.054
9.072	0.057
9.076	0.048
9.08	0.006
9.084	5.03E-04
9.088	-0.004
9.092	-0.006
9.096	-0.007
9.1	-0.007
9.104	-0.01
9.108	-0.005
9.112	-0.005
9.116	0.006
9.12	-4.42E-04
9.124	0.138
9.128	0.164
9.132	0.062
9.136	0.042
9.14	0.172
9.144	0.035
9.148	0.02
9.152	0.193
9.156	0.033
9.16	0.167
9.164	0.104
9.168	0.108
9.172	0.109
9.176	0.108
9.18	0.108
9.184	0.108
9.188	0.102
9.192	0.143
9.196	0.104
9.2	0.109
9.204	0.109
9.208	0.108
9.212	0.108
9.216	0.108
9.22	0.108
9.224	0.109
9.228	0.108
9.232	0.108
9.236	0.108
9.24	0.108
9.244	0.108
9.248	0.108
9.252	0.109
9.256	0.109
9.26	0.108
9.264	0.111
9.268	0.112
9.272	0.112
9.276	0.112
9.28	0.112
9.284	0.112
9.288	0.111
9.292	0.112
9.296	0.107
9.3	0.138
9.304	0.107
9.308	0.112
9.312	0.112
9.316	0.112
9.32	0.112
9.324	0.112
9.328	0.112
9.332	0.112
9.336	0.112
9.34	0.112
9.344	0.112
9.348	0.109
9.352	0.109
9.356	0.109
9.36	0.109
9.364	0.108
9.368	0.108
9.372	0.108
9.376	0.108
9.38	0.109
9.384	0.105
9.388	0.104
9.392	0.108
9.396	0.108
9.4	0.108
9.404	0.109
9.408	0.105
9.412	0.104
9.416	0.109
9.42	0.109
9.424	0.108
9.428	0.109
9.432	0.109
9.436	0.109
9.44	0.108
9.444	0.113
9.448	0.109
9.452	0.109
9.456	0.109
9.46	0.108
9.464	0.108
9.468	0.108
9.472	0.108
9.476	0.108
9.48	0.108
9.484	0.108
9.488	0.108
9.492	0.108
9.496	0.108
9.5	0.108
9.504	0.108
9.508	0.108
9.512	0.108
9.516	0.109
9.52	0.104
9.524	0.109
9.528	0.108
9.532	0.107
9.536	0.112
9.54	0.112
9.544	0.109
9.548	0.108
9.552	0.108
9.556	0.109
9.56	0.109
9.564	0.108
9.568	0.108
9.572	0.112
9.576	0.112
9.58	0.108
9.584	0.109
9.588	0.104
9.592	0.108
9.596	0.108
9.6	0.108
9.604	0.108
9.608	0.108
9.612	0.108
9.616	0.108
9.62	0.108
9.624	0.11
9.628	0.1
9.632	0.108
9.636	0.109
9.64	0.109
9.644	0.109
9.648	0.109
9.652	0.108
9.656	0.109
9.66	0.108
9.664	0.112
9.668	0.113
9.672	0.109
9.676	0.109
9.68	0.105
9.684	0.108
9.688	0.107
9.692	0.112
9.696	0.115
9.7	0.101
9.704	0.091
9.708	0.174
9.712	0.052
9.716	0.122
9.72	0.037
9.724	0.177
9.728	0.037
9.732	0.024
9.736	0.129
9.74	0.023
9.744	0.05
9.748	0.061
9.752	0.03
9.756	0.004
9.76	-0.002
9.764	-0.004
9.768	-0.006
9.772	-0.007
9.776	-0.007
9.78	-0.006
9.784	-0.005
9.788	-0.001
9.792	7.82E-04
9.796	0.024
9.8	0.102
9.804	0.14
9.808	0.134
9.812	0.166
9.816	0.04
9.82	0.037
9.824	0.04
9.828	0.161
9.832	0.046
9.836	0.105
9.84	0.104
9.844	0.109
9.848	0.109
9.852	0.109
9.856	0.109
9.86	0.108
9.864	0.112
9.868	0.113
9.872	0.108
9.876	0.109
9.88	0.109
9.884	0.109
9.888	0.109
9.892	0.109
9.896	0.109
9.9	0.109
9.904	0.108
9.908	0.109
9.912	0.105
9.916	0.105
9.92	0.105
9.924	0.105
9.928	0.105
9.932	0.105
9.936	0.105
9.94	0.105
9.944	0.106
9.948	0.1
9.952	0.106
9.956	0.105
9.96	0.105
9.964	0.105
9.968	0.105
9.972	0.105
9.976	0.105
9.98	0.105
9.984	0.105
9.988	0.105
9.992	0.105
9.996	0.105
10	0.105
10.004	0.105
10.008	0.105
10.012	0.105
10.016	0.105
10.02	0.105
10.024	0.105
10.028	0.105
10.032	0.105
10.036	0.105
10.04	0.105
10.044	0.105
10.048	0.106
10.052	0.101
10.056	0.1
10.06	0.105
10.064	0.102
10.068	0.101
10.072	0.105
10.076	0.104
10.08	0.105
10.084	0.105
10.088	0.104
10.092	0.105
10.096	0.105
10.1	0.105
10.104	0.105
10.108	0.105
10.112	0.108
10.116	0.108
10.12	0.109
10.124	0.105
10.128	0.109
10.132	0.105
10.136	0.108
10.14	0.109
10.144	0.105
10.148	0.105
10.152	0.105
10.156	0.104
10.16	0.105
10.164	0.101
10.168	0.105
10.172	0.105
10.176	0.105
10.18	0.105
10.184	0.106
10.188	0.101
10.192	0.105
10.196	0.102
10.2	0.102
10.204	0.102
10.208	0.101
10.212	0.105
10.216	0.105
10.22	0.106
10.224	0.101
10.228	0.101
10.232	0.102
10.236	0.101
10.24	0.101
10.244	0.101
10.248	0.104
10.252	0.105
10.256	0.102
10.26	0.102
10.264	0.097
10.268	0.111
10.272	0.054
10.276	0.102
10.28	0.102
10.284	0.102
10.288	0.101
10.292	0.102
10.296	0.101
10.3	0.102
10.304	0.101
10.308	0.101
10.312	0.102
10.316	0.101
10.32	0.102
10.324	0.102
10.328	0.101
10.332	0.101
10.336	0.101
10.34	0.102
10.344	0.101
10.348	0.102
10.352	0.101
10.356	0.102
10.36	0.102
10.364	0.098
10.368	0.097
10.372	0.101
10.376	0.116
10.38	0.058
10.384	0.042
10.388	0.174
10.392	0.031
10.396	0.202
10.4	0.03
10.404	0.115
10.408	0.048
10.412	0.027
10.416	0.026
10.42	0.021
10.424	0.013
10.428	0.167
10.432	0.01
10.436	0.002
10.44	-0.002
10.444	-0.004
10.448	-0.005
10.452	-0.006
10.456	-0.006
10.46	-0.005
10.464	-0.004
10.468	2.67E-04
10.472	-0.008
10.476	0.168
10.48	0.181
10.484	0.042
10.488	0.029
10.492	0.017
10.496	0.19
10.5	0.047
10.504	0.026
10.508	0.173
10.512	0.042
10.516	0.101
10.52	0.102
10.524	0.098
10.528	0.101
10.532	0.102
10.536	0.101
10.54	0.101
10.544	0.111
10.548	0.062
10.552	0.062
10.556	0.061
10.56	0.062
10.564	0.061
10.568	0.062
10.572	0.062
10.576	0.062
10.58	0.054
10.584	0.101
10.588	0.101
10.592	0.1
10.596	0.115
10.6	0.054
10.604	0.111
10.608	0.062
10.612	0.062
10.616	0.059
10.62	0.058
10.624	0.061
10.628	0.062
10.632	0.062
10.636	0.062
10.64	0.062
10.644	0.058
10.648	0.059
10.652	0.058
10.656	0.058
10.66	0.058
10.664	0.058
10.668	0.058
10.672	0.058
10.676	0.058
10.68	0.058
10.684	0.058
10.688	0.058
10.692	0.058
10.696	0.055
10.7	0.045
10.704	0.112
10.708	0.058
10.712	0.059
10.716	0.055
10.72	0.055
10.724	0.055
10.728	0.055
10.732	0.055
10.736	0.055
10.74	0.055
10.744	0.054
10.748	0.054
10.752	0.055
10.756	0.054
10.76	0.054
10.764	0.055
10.768	0.051
10.772	0.055
10.776	0.051
10.78	0.055
10.784	0.051
10.788	0.054
10.792	0.054
10.796	0.054
10.8	0.054
10.804	0.054
10.808	0.046
10.812	0.108
10.816	0.054
10.82	0.059
10.824	0.055
10.828	0.054
10.832	0.058
10.836	0.054
10.84	0.058
10.844	0.058
10.848	0.058
10.852	0.059
10.856	0.055
10.86	0.058
10.864	0.058
10.868	0.058
10.872	0.058
10.876	0.058
10.88	0.058
10.884	0.058
10.888	0.058
10.892	0.058
10.896	0.058
10.9	0.058
10.904	0.058
10.908	0.058
10.912	0.058
10.916	0.05
10.92	0.11
10.924	0.062
10.928	0.062
10.932	0.062
10.936	0.061
10.94	0.062
10.944	0.058
10.948	0.061
10.952	0.062
10.956	0.062
10.96	0.062
10.964	0.062
10.968	0.055
10.972	0.098
10.976	0.098
10.98	0.098
10.984	0.098
10.988	0.097
10.992	0.101
10.996	0.101
11	0.101
11.004	0.101
11.008	0.101
11.012	0.102
11.016	0.101
11.02	0.102
11.024	0.1
11.028	0.11
11.032	0.1
11.036	0.109
11.04	0.105
11.044	0.106
11.048	0.101
11.052	0.104
11.056	0.11
11.06	0.116
11.064	0.045
11.068	0.177
11.072	0.035
11.076	0.2
11.08	0.027
11.084	0.16
11.088	0.051
11.092	0.03
11.096	0.026
11.1	0.025
11.104	0.032
11.108	0.05
11.112	0.012
11.116	0.003
11.12	-0.002
11.124	-0.004
11.128	-0.005
11.132	-0.006
11.136	-0.005
11.14	-0.004
11.144	-0.003
11.148	4.74E-04
11.152	0.011
11.156	0.028
11.16	0.142
11.164	0.129
11.168	0.027
11.172	0.136
11.176	0.179
11.18	0.046
11.184	0.033
11.188	0.167
11.192	0.092
11.196	0.146
11.2	0.112
11.204	0.108
11.208	0.113
11.212	0.108
11.216	0.108
11.22	0.112
11.224	0.107
11.228	0.131
11.232	0.135
11.236	0.134
11.24	0.144
11.244	0.136
11.248	0.129
11.252	0.147
11.256	0.146
11.26	0.143
11.264	0.143
11.268	0.138
11.272	0.143
11.276	0.14
11.28	0.136
11.284	0.136
11.288	0.137
11.292	0.113
11.296	0.11
11.3	0.105
11.304	0.105
11.308	0.105
11.312	0.105
11.316	0.105
11.32	0.102
11.324	0.101
11.328	0.105
11.332	0.101
11.336	0.102
11.34	0.101
11.344	0.101
11.348	0.099
11.352	0.11
11.356	0.101
11.36	0.104
11.364	0.105
11.368	0.104
11.372	0.109
11.376	0.105
11.38	0.106
11.384	0.102
11.388	0.101
11.392	0.101
11.396	0.101
11.4	0.101
11.404	0.101
11.408	0.101
11.412	0.1
11.416	0.105
11.42	0.101
11.424	0.104
11.428	0.108
11.432	0.108
11.436	0.112
11.44	0.107
11.444	0.135
11.448	0.135
11.452	0.135
11.456	0.139
11.46	0.146
11.464	0.108
11.468	0.109
11.472	0.109
11.476	0.105
11.48	0.109
11.484	0.104
11.488	0.105
11.492	0.101
11.496	0.105
11.5	0.105
11.504	0.104
11.508	0.105
11.512	0.105
11.516	0.105
11.52	0.104
11.524	0.104
11.528	0.108
11.532	0.108
11.536	0.108
11.54	0.108
11.544	0.109
11.548	0.105
11.552	0.105
11.556	0.104
11.56	0.108
11.564	0.103
11.568	0.139
11.572	0.1
11.576	0.109
11.58	0.109
11.584	0.104
11.588	0.11
11.592	0.101
11.596	0.104
11.6	0.106
11.604	0.102
11.608	0.101
11.612	0.106
11.616	0.098
11.62	0.098
11.624	0.106
11.628	0.062
11.632	0.062
11.636	0.054
11.64	0.101
11.644	0.101
11.648	0.101
11.652	0.101
11.656	0.101
11.66	0.1
11.664	0.105
11.668	0.101
11.672	0.099
11.676	0.11
11.68	0.096
11.684	0.105
11.688	0.105
11.692	0.101
11.696	0.105
11.7	0.102
11.704	0.101
11.708	0.101
11.712	0.104
11.716	0.109
11.72	0.109
11.724	0.105
11.728	0.101
11.732	0.1
11.736	0.103
11.74	0.124
11.744	0.046
11.748	0.16
11.752	0.061
11.756	0.061
11.76	0.027
11.764	0.198
11.768	0.038
11.772	0.033
11.776	0.023
11.78	0.059
11.784	0.04
11.788	0.098
11.792	0.168
11.796	0.005
11.8	0.002
11.804	-0.003
11.808	-0.004
11.812	-0.005
11.816	-0.005
11.82	-0.005
11.824	-0.004
11.828	7.71E-04
11.832	-0.002
11.836	0.042
11.84	0.054
11.844	0.054
11.848	0.033
11.852	0.029
11.856	0.031
11.86	0.019
11.864	0.196
11.868	0.058
11.872	0.046
11.876	0.101
11.88	0.111
11.884	0.054
11.888	0.101
11.892	0.099
11.896	0.12
11.9	0.058
11.904	0.062
11.908	0.062
11.912	0.058
11.916	0.062
11.92	0.061
11.924	0.061
11.928	0.061
11.932	0.061
11.936	0.062
11.94	0.062
11.944	0.062
11.948	0.062
11.952	0.062
11.956	0.061
11.96	0.062
11.964	0.053
11.968	0.104
11.972	0.109
11.976	0.105
11.98	0.105
11.984	0.101
11.988	0.101
11.992	0.101
11.996	0.101
12	0.094
12.004	0.141
12.008	0.097
12.012	0.101
12.016	0.106
12.02	0.102
12.024	0.097
12.028	0.101
12.032	0.101
12.036	0.102
12.04	0.106
12.044	0.062
12.048	0.054
12.052	0.101
12.056	0.102
12.06	0.11
12.064	0.062
12.068	0.062
12.072	0.062
12.076	0.054
12.08	0.11
12.084	0.062
12.088	0.062
12.092	0.061
12.096	0.061
12.1	0.061
12.104	0.061
12.108	0.051
12.112	0.124
12.116	0.054
12.12	0.101
12.124	0.111
12.128	0.062
12.132	0.062
12.136	0.062
12.14	0.055
12.144	0.106
12.148	0.062
12.152	0.061
12.156	0.055
12.16	0.097
12.164	0.098
12.168	0.098
12.172	0.097
12.176	0.101
12.18	0.101
12.184	0.101
12.188	0.101
12.192	0.101
12.196	0.101
12.2	0.101
12.204	0.101
12.208	0.105
12.212	0.104
12.216	0.101
12.22	0.142
12.224	0.105
12.228	0.105
12.232	0.109
12.236	0.105
12.24	0.104
12.244	0.109
12.248	0.105
12.252	0.103
12.256	0.108
12.26	0.108
12.264	0.109
12.268	0.108
12.272	0.108
12.276	0.108
12.28	0.112
12.284	0.108
12.288	0.112
12.292	0.108
12.296	0.107
12.3	0.112
12.304	0.112
12.308	0.108
12.312	0.108
12.316	0.108
12.32	0.109
12.324	0.105
12.328	0.105
12.332	0.1
12.336	0.105
12.34	0.102
12.344	0.101
12.348	0.102
12.352	0.098
12.356	0.097
12.36	0.097
12.364	0.105
12.368	0.062
12.372	0.062
12.376	0.061
12.38	0.061
12.384	0.061
12.388	0.061
12.392	0.061
12.396	0.061
12.4	0.061
12.404	0.061
12.408	0.061
12.412	0.061
12.416	0.061
12.42	0.061
12.424	0.061
12.428	0.054
12.432	0.111
12.436	0.044
12.44	0.188
12.444	0.048
12.448	0.028
12.452	0.193
12.456	0.039
12.46	0.03
12.464	0.028
12.468	0.035
12.472	0.07
12.476	0.019
12.48	0.01
12.484	2.97E-04
12.488	-0.002
12.492	-0.004
12.496	-0.004
12.5	-0.005
12.504	-0.004
12.508	-0.004
12.512	8.52E-04
12.516	-0.003
12.52	0.045
12.524	0.054
12.528	0.054
12.532	0.037
12.536	0.033
12.54	0.031
12.544	0.034
12.548	0.029
12.552	0.182
12.556	0.034
12.56	0.165
12.564	0.051
12.568	0.097
12.572	0.103
12.576	0.089
12.58	0.093
12.584	0.101
12.588	0.101
12.592	0.101
12.596	0.101
12.6	0.101
12.604	0.101
12.608	0.101
12.612	0.101
12.616	0.101
12.62	0.102
12.624	0.098
12.628	0.097
12.632	0.097
12.636	0.097
12.64	0.097
12.644	0.097
12.648	0.097
12.652	0.097
12.656	0.097
12.66	0.105
12.664	0.058
12.668	0.102
12.672	0.097
12.676	0.101
12.68	0.101
12.684	0.101
12.688	0.101
12.692	0.101
12.696	0.098
12.7	0.097
12.704	0.097
12.708	0.109
12.712	0.065
12.716	0.058
12.72	0.105
12.724	0.059
12.728	0.105
12.732	0.058
12.736	0.105
12.74	0.065
12.744	0.061
12.748	0.064
12.752	0.058
12.756	0.097
12.76	0.097
12.764	0.105
12.768	0.058
12.772	0.097
12.776	0.101
12.78	0.102
12.784	0.106
12.788	0.062
12.792	0.062
12.796	0.062
12.8	0.061
12.804	0.062
12.808	0.061
12.812	0.061
12.816	0.061
12.82	0.061
12.824	0.061
12.828	0.061
12.832	0.061
12.836	0.062
12.84	0.058
12.844	0.058
12.848	0.058
12.852	0.058
12.856	0.058
12.86	0.058
12.864	0.058
12.868	0.05
12.872	0.107
12.876	0.058
12.88	0.058
12.884	0.058
12.888	0.058
12.892	0.058
12.896	0.058
12.9	0.058
12.904	0.058
12.908	0.055
12.912	0.054
12.916	0.058
12.92	0.054
12.924	0.058
12.928	0.058
12.932	0.055
12.936	0.055
12.94	0.054
12.944	0.054
12.948	0.057
12.952	0.057
12.956	0.057
12.96	0.057
12.964	0.057
12.968	0.057
12.972	0.057
12.976	0.058
12.98	0.049
12.984	0.116
12.988	0.058
12.992	0.058
12.996	0.058
13	0.058
13.004	0.058
13.008	0.058
13.012	0.058
13.016	0.058
13.02	0.058
13.024	0.058
13.028	0.058
13.032	0.058
13.036	0.058
13.04	0.058
13.044	0.058
13.048	0.058
13.052	0.055
13.056	0.055
13.06	0.055
13.064	0.054
13.068	0.055
13.072	0.054
13.076	0.055
13.08	0.054
13.084	0.058
13.088	0.045
13.092	0.12
13.096	0.058
13.1	0.058
13.104	0.059
13.108	0.054
13.112	0.059
13.116	0.053
13.12	0.059
13.124	0.055
13.128	0.053
13.132	0.027
13.136	0.196
13.14	0.042
13.144	0.033
13.148	0.029
13.152	0.025
13.156	0.017
13.16	0.127
13.164	0.016
13.168	0.006
13.172	2.97E-04
13.176	-0.002
13.18	-0.003
13.184	-0.004
13.188	-0.004
13.192	-0.004
13.196	-0.002
13.2	-0.001
13.204	0.007
13.208	-0.005
13.212	0.177
13.216	0.059
13.22	0.038
13.224	0.03
13.228	0.029
13.232	0.042
13.236	0.174
13.24	0.033
13.244	0.117
13.248	0.054
13.252	0.058
13.256	0.057
13.26	0.058
13.264	0.058
13.268	0.058
13.272	0.058
13.276	0.058
13.28	0.058
13.284	0.058
13.288	0.061
13.292	0.061
13.296	0.062
13.3	0.058
13.304	0.054
13.308	0.108
13.312	0.054
13.316	0.058
13.32	0.058
13.324	0.058
13.328	0.059
13.332	0.058
13.336	0.058
13.34	0.058
13.344	0.058
13.348	0.058
13.352	0.058
13.356	0.058
13.36	0.058
13.364	0.058
13.368	0.058
13.372	0.058
13.376	0.058
13.38	0.058
13.384	0.058
13.388	0.058
13.392	0.058
13.396	0.058
13.4	0.058
13.404	0.058
13.408	0.058
13.412	0.058
13.416	0.05
13.42	0.108
13.424	0.054
13.428	0.058
13.432	0.058
13.436	0.058
13.44	0.059
13.444	0.058
13.448	0.059
13.452	0.058
13.456	0.058
13.46	0.058
13.464	0.058
13.468	0.058
13.472	0.058
13.476	0.058
13.48	0.058
13.484	0.058
13.488	0.058
13.492	0.058
13.496	0.058
13.5	0.058
13.504	0.055
13.508	0.057
13.512	0.057
13.516	0.057
13.52	0.058
13.524	0.056
13.528	0.067
13.532	0.054
13.536	0.054
13.54	0.058
13.544	0.058
13.548	0.058
13.552	0.058
13.556	0.058
13.56	0.058
13.564	0.058
13.568	0.058
13.572	0.058
13.576	0.058
13.58	0.058
13.584	0.058
13.588	0.058
13.592	0.058
13.596	0.058
13.6	0.058
13.604	0.058
13.608	0.058
13.612	0.058
13.616	0.058
13.62	0.058
13.624	0.058
13.628	0.058
13.632	0.057
13.636	0.064
13.64	0.054
13.644	0.054
13.648	0.058
13.652	0.058
13.656	0.058
13.66	0.058
13.664	0.058
13.668	0.058
13.672	0.058
13.676	0.058
13.68	0.058
13.684	0.058
13.688	0.058
13.692	0.061
13.696	0.061
13.7	0.061
13.704	0.062
13.708	0.061
13.712	0.062
13.716	0.062
13.72	0.062
13.724	0.062
13.728	0.062
13.732	0.061
13.736	0.062
13.74	0.057
13.744	0.088
13.748	0.058
13.752	0.058
13.756	0.062
13.76	0.055
13.764	0.106
13.768	0.055
13.772	0.106
13.776	0.062
13.78	0.062
13.784	0.062
13.788	0.062
13.792	0.062
13.796	0.062
13.8	0.05
13.804	0.11
13.808	0.062
13.812	0.058
13.816	0.051
13.82	0.11
13.824	0.033
13.828	0.086
13.832	0.188
13.836	0.034
13.84	0.026
13.844	0.023
13.848	0.05
13.852	0.037
13.856	0.01
13.86	0.004
13.864	-4.73E-04
13.868	-0.002
13.872	-0.003
13.876	-0.003
13.88	-0.003
13.884	-0.002
13.888	-9.23E-04
13.892	0.001
13.896	0.023
13.9	0.034
13.904	0.054
13.908	0.058
13.912	0.061
13.916	0.043
13.92	0.039
13.924	0.021
13.928	0.186
13.932	0.057
13.936	0.057
13.94	0.065
13.944	0.062
13.948	0.061
13.952	0.061
13.956	0.061
13.96	0.062
13.964	0.059
13.968	0.058
13.972	0.058
13.976	0.061
13.98	0.061
13.984	0.062
13.988	0.058
13.992	0.061
13.996	0.061
14	0.061
14.004	0.062
14.008	0.058
14.012	0.062
14.016	0.058
14.02	0.058
14.024	0.058
14.028	0.058
14.032	0.058
14.036	0.058
14.04	0.058
14.044	0.055
14.048	0.058
14.052	0.057
14.056	0.058
14.06	0.055
14.064	0.054
14.068	0.054
14.072	0.059
14.076	0.055
14.08	0.054
14.084	0.055
14.088	0.055
14.092	0.055
14.096	0.054
14.1	0.054
14.104	0.054
14.108	0.054
14.112	0.054
14.116	0.054
14.12	0.054
14.124	0.054
14.128	0.054
14.132	0.054
14.136	0.054
14.14	0.055
14.144	0.051
14.148	0.054
14.152	0.055
14.156	0.051
14.16	0.054
14.164	0.054
14.168	0.054
14.172	0.054
14.176	0.054
14.18	0.046
14.184	0.107
14.188	0.055
14.192	0.051
14.196	0.054
14.2	0.054
14.204	0.054
14.208	0.054
14.212	0.054
14.216	0.054
14.22	0.054
14.224	0.054
14.228	0.054
14.232	0.054
14.236	0.054
14.24	0.054
14.244	0.054
14.248	0.054
14.252	0.055
14.256	0.054
14.26	0.054
14.264	0.054
14.268	0.054
14.272	0.054
14.276	0.055
14.28	0.054
14.284	0.055
14.288	0.045
14.292	0.112
14.296	0.055
14.3	0.054
14.304	0.055
14.308	0.055
14.312	0.055
14.316	0.055
14.32	0.051
14.324	0.054
14.328	0.054
14.332	0.054
14.336	0.054
14.34	0.054
14.344	0.054
14.348	0.054
14.352	0.054
14.356	0.054
14.36	0.054
14.364	0.054
14.368	0.054
14.372	0.054
14.376	0.054
14.38	0.054
14.384	0.054
14.388	0.054
14.392	0.054
14.396	0.053
14.4	0.064
14.404	0.055
14.408	0.055
14.412	0.055
14.416	0.055
14.42	0.055
14.424	0.055
14.428	0.055
14.432	0.054
14.436	0.058
14.44	0.058
14.444	0.058
14.448	0.058
14.452	0.058
14.456	0.058
14.46	0.058
14.464	0.058
14.468	0.061
14.472	0.061
14.476	0.061
14.48	0.062
14.484	0.054
14.488	0.106
14.492	0.054
14.496	0.106
14.5	0.062
14.504	0.055
14.508	0.07
14.512	0.066
14.516	0.037
14.52	0.04
14.524	0.189
14.528	0.035
14.532	0.026
14.536	0.026
14.54	0.055
14.544	0.034
14.548	0.011
14.552	0.004
14.556	-2.74E-04
14.56	-0.002
14.564	-0.003
14.568	-0.003
14.572	-0.003
14.576	-0.002
14.58	-7.52E-04
14.584	0.003
14.588	0.012
14.592	0.05
14.596	0.055
14.6	0.053
14.604	0.041
14.608	0.037
14.612	0.036
14.616	0.021
14.62	0.181
14.624	0.054
14.628	0.058
14.632	0.062
14.636	0.058
14.64	0.058
14.644	0.058
14.648	0.058
14.652	0.058
14.656	0.058
14.66	0.058
14.664	0.058
14.668	0.058
14.672	0.058
14.676	0.058
14.68	0.058
14.684	0.058
14.688	0.058
14.692	0.058
14.696	0.058
14.7	0.058
14.704	0.058
14.708	0.057
14.712	0.058
14.716	0.054
14.72	0.057
14.724	0.05
14.728	0.107
14.732	0.059
14.736	0.058
14.74	0.058
14.744	0.058
14.748	0.058
14.752	0.058
14.756	0.058
14.76	0.058
14.764	0.058
14.768	0.058
14.772	0.058
14.776	0.058
14.78	0.058
14.784	0.058
14.788	0.058
14.792	0.058
14.796	0.058
14.8	0.058
14.804	0.058
14.808	0.058
14.812	0.057
14.816	0.057
14.82	0.057
14.824	0.058
14.828	0.057
14.832	0.05
14.836	0.106
14.84	0.062
14.844	0.058
14.848	0.059
14.852	0.058
14.856	0.058
14.86	0.058
14.864	0.058
14.868	0.058
14.872	0.061
14.876	0.061
14.88	0.061
14.884	0.061
14.888	0.061
14.892	0.061
14.896	0.062
14.9	0.061
14.904	0.058
14.908	0.097
14.912	0.101
14.916	0.097
14.92	0.098
14.924	0.105
14.928	0.065
14.932	0.062
14.936	0.055
14.94	0.105
14.944	0.056
14.948	0.109
14.952	0.11
14.956	0.062
14.96	0.062
14.964	0.061
14.968	0.066
14.972	0.054
14.976	0.098
14.98	0.097
14.984	0.097
14.988	0.102
14.992	0.097
14.996	0.101
15	0.101
15.004	0.102
15.008	0.101
15.012	0.1
15.016	0.104
15.02	0.104
15.024	0.104
15.028	0.105
15.032	0.101
15.036	0.101
15.04	0.101
15.044	0.101
15.048	0.1
15.052	0.104
15.056	0.109
15.06	0.106
15.064	0.101
15.068	0.105
15.072	0.101
15.076	0.102
15.08	0.101
15.084	0.101
15.088	0.102
15.092	0.101
15.096	0.102
15.1	0.101
15.104	0.102
15.108	0.101
15.112	0.101
15.116	0.101
15.12	0.101
15.124	0.101
15.128	0.101
15.132	0.101
15.136	0.102
15.14	0.097
15.144	0.101
15.148	0.101
15.152	0.101
15.156	0.101
15.16	0.101
15.164	0.099
15.168	0.11
15.172	0.097
15.176	0.101
15.18	0.11
15.184	0.057
15.188	0.11
15.192	0.066
15.196	0.05
15.2	0.112
15.204	0.056
15.208	0.027
15.212	0.193
15.216	0.054
15.22	0.037
15.224	0.032
15.228	0.031
15.232	0.044
15.236	0.048
15.24	0.02
15.244	0.007
15.248	0.002
15.252	-5.00E-04
15.256	-0.002
15.26	-0.003
15.264	-0.003
15.268	-0.002
15.272	-0.001
15.276	0.003
15.28	0.008
15.284	0.017
15.288	0.01
15.292	0.168
15.296	0.069
15.3	0.043
15.304	0.035
15.308	0.189
15.312	0.065
15.316	0.027
15.32	0.166
15.324	0.057
15.328	0.062
15.332	0.061
15.336	0.061
15.34	0.061
15.344	0.061
15.348	0.061
15.352	0.061
15.356	0.061
15.36	0.061
15.364	0.065
15.368	0.061
15.372	0.062
15.376	0.062
15.38	0.048
15.384	0.151
15.388	0.062
15.392	0.061
15.396	0.062
15.4	0.061
15.404	0.061
15.408	0.062
15.412	0.062
15.416	0.061
15.42	0.062
15.424	0.058
15.428	0.058
15.432	0.058
15.436	0.058
15.44	0.058
15.444	0.062
15.448	0.058
15.452	0.058
15.456	0.058
15.46	0.058
15.464	0.058
15.468	0.058
15.472	0.058
15.476	0.058
15.48	0.058
15.484	0.061
15.488	0.062
15.492	0.049
15.496	0.12
15.5	0.058
15.504	0.058
15.508	0.058
15.512	0.061
15.516	0.061
15.52	0.062
15.524	0.061
15.528	0.065
15.532	0.065
15.536	0.065
15.54	0.065
15.544	0.065
15.548	0.065
15.552	0.065
15.556	0.062
15.56	0.062
15.564	0.062
15.568	0.062
15.572	0.061
15.576	0.061
15.58	0.061
15.584	0.058
15.588	0.062
15.592	0.058
15.596	0.058
15.6	0.049
15.604	0.12
15.608	0.058
15.612	0.058
15.616	0.059
15.62	0.055
15.624	0.055
15.628	0.055
15.632	0.055
15.636	0.055
15.64	0.055
15.644	0.055
15.648	0.054
15.652	0.055
15.656	0.055
15.66	0.054
15.664	0.055
15.668	0.055
15.672	0.055
15.676	0.055
15.68	0.054
15.684	0.054
15.688	0.054
15.692	0.054
15.696	0.055
15.7	0.055
15.704	0.054
15.708	0.054
15.712	0.046
15.716	0.112
15.72	0.055
15.724	0.055
15.728	0.055
15.732	0.055
15.736	0.055
15.74	0.055
15.744	0.054
15.748	0.058
15.752	0.058
15.756	0.058
15.76	0.058
15.764	0.058
15.768	0.055
15.772	0.055
15.776	0.055
15.78	0.054
15.784	0.057
15.788	0.058
15.792	0.055
15.796	0.055
15.8	0.054
15.804	0.057
15.808	0.058
15.812	0.058
15.816	0.058
15.82	0.05
15.824	0.108
15.828	0.055
15.832	0.054
15.836	0.058
15.84	0.058
15.844	0.058
15.848	0.058
15.852	0.058
15.856	0.058
15.86	0.061
15.864	0.062
15.868	0.061
15.872	0.061
15.876	0.061
15.88	0.061
15.884	0.066
15.888	0.048
15.892	0.123
15.896	0.036
15.9	0.154
15.904	0.053
15.908	0.04
15.912	0.045
15.916	0.177
15.92	0.043
15.924	0.027
15.928	0.05
15.932	0.057
15.936	0.074
15.94	0.008
15.944	0.006
15.948	9.04E-04
15.952	-5.81E-04
15.956	-0.001
15.96	-0.002
15.964	-0.001
15.968	-2.69E-04
15.972	9.62E-04
15.976	0.005
15.98	0.014
15.984	0.006
15.988	0.174
15.992	0.049
15.996	0.041
16	0.036
16.004	0.023
16.008	0.193
16.012	0.068
16.016	0.035
16.02	0.126
16.024	0.05
16.028	0.108
16.032	0.058
16.036	0.061
16.04	0.053
16.044	0.112
16.048	0.058
16.052	0.062
16.056	0.062
16.06	0.058
16.064	0.058
16.068	0.058
16.072	0.062
16.076	0.062
16.08	0.062
16.084	0.062
16.088	0.062
16.092	0.058
16.096	0.058
16.1	0.062
16.104	0.062
16.108	0.062
16.112	0.062
16.116	0.061
16.12	0.061
16.124	0.061
16.128	0.061
16.132	0.055
16.136	0.105
16.14	0.065
16.144	0.058
16.148	0.096
16.152	0.116
16.156	0.058
16.16	0.058
16.164	0.062
16.168	0.054
16.172	0.11
16.176	0.066
16.18	0.062
16.184	0.061
16.188	0.066
16.192	0.062
16.196	0.058
16.2	0.061
16.204	0.062
16.208	0.059
16.212	0.058
16.216	0.061
16.22	0.062
16.224	0.058
16.228	0.058
16.232	0.058
16.236	0.058
16.24	0.058
16.244	0.058
16.248	0.058
16.252	0.058
16.256	0.058
16.26	0.057
16.264	0.063
16.268	0.054
16.272	0.058
16.276	0.059
16.28	0.055
16.284	0.055
16.288	0.055
16.292	0.055
16.296	0.054
16.3	0.058
16.304	0.058
16.308	0.058
16.312	0.055
16.316	0.055
16.32	0.055
16.324	0.055
16.328	0.055
16.332	0.055
16.336	0.055
16.34	0.054
16.344	0.054
16.348	0.054
16.352	0.054
16.356	0.054
16.36	0.055
16.364	0.055
16.368	0.054
16.372	0.056
16.376	0.051
16.38	0.051
16.384	0.054
16.388	0.054
16.392	0.055
16.396	0.055
16.4	0.054
16.404	0.054
16.408	0.054
16.412	0.054
16.416	0.054
16.42	0.054
16.424	0.054
16.428	0.055
16.432	0.055
16.436	0.054
16.44	0.054
16.444	0.055
16.448	0.055
16.452	0.054
16.456	0.054
16.46	0.054
16.464	0.054
16.468	0.054
16.472	0.054
16.476	0.054
16.48	0.053
16.484	0.059
16.488	0.054
16.492	0.055
16.496	0.055
16.5	0.055
16.504	0.055
16.508	0.055
16.512	0.055
16.516	0.055
16.52	0.055
16.524	0.055
16.528	0.055
16.532	0.055
16.536	0.055
16.54	0.055
16.544	0.054
16.548	0.054
16.552	0.054
16.556	0.054
16.56	0.054
16.564	0.054
16.568	0.054
16.572	0.054
16.576	0.054
16.58	0.054
16.584	0.055
16.588	0.049
16.592	0.06
16.596	0.036
16.6	0.13
16.604	0.043
16.608	0.028
16.612	0.196
16.616	0.047
16.62	0.03
16.624	0.025
16.628	0.036
16.632	0.049
16.636	0.022
16.64	0.009
16.644	0.003
16.648	0.001
16.652	-2.36E-04
16.656	-0.001
16.66	-0.001
16.664	-7.04E-04
16.668	4.18E-04
16.672	0.002
16.676	0.006
16.68	0.012
16.684	0.031
16.688	0.067
16.692	0.057
16.696	0.036
16.7	0.021
16.704	0.156
16.708	0.169
16.712	0.047
16.716	0.045
16.72	0.064
16.724	0.049
16.728	0.059
16.732	0.054
16.736	0.055
16.74	0.055
16.744	0.055
16.748	0.051
16.752	0.051
16.756	0.054
16.76	0.054
16.764	0.054
16.768	0.055
16.772	0.055
16.776	0.055
16.78	0.055
16.784	0.054
16.788	0.054
16.792	0.054
16.796	0.054
16.8	0.054
16.804	0.054
16.808	0.054
16.812	0.056
16.816	0.051
16.82	0.052
16.824	0.052
16.828	0.051
16.832	0.051
16.836	0.051
16.84	0.051
16.844	0.051
16.848	0.051
16.852	0.051
16.856	0.051
16.86	0.051
16.864	0.051
16.868	0.051
16.872	0.051
16.876	0.051
16.88	0.051
16.884	0.051
16.888	0.051
16.892	0.051
16.896	0.051
16.9	0.051
16.904	0.051
16.908	0.051
16.912	0.051
16.916	0.051
16.92	0.051
16.924	0.052
16.928	0.047
16.932	0.051
16.936	0.051
16.94	0.051
16.944	0.051
16.948	0.051
16.952	0.051
16.956	0.051
16.96	0.052
16.964	0.051
16.968	0.055
16.972	0.051
16.976	0.055
16.98	0.051
16.984	0.051
16.988	0.055
16.992	0.051
16.996	0.054
17	0.054
17.004	0.054
17.008	0.054
17.012	0.054
17.016	0.055
17.02	0.051
17.024	0.054
17.028	0.05
17.032	0.056
17.036	0.051
17.04	0.051
17.044	0.055
17.048	0.051
17.052	0.055
17.056	0.051
17.06	0.054
17.064	0.055
17.068	0.055
17.072	0.054
17.076	0.054
17.08	0.054
17.084	0.054
17.088	0.054
17.092	0.054
17.096	0.054
17.1	0.055
17.104	0.055
17.108	0.054
17.112	0.054
17.116	0.055
17.12	0.055
17.124	0.054
17.128	0.054
17.132	0.054
17.136	0.054
17.14	0.053
17.144	0.059
17.148	0.051
17.152	0.055
17.156	0.055
17.16	0.055
17.164	0.055
17.168	0.055
17.172	0.055
17.176	0.055
17.18	0.055
17.184	0.054
17.188	0.058
17.192	0.058
17.196	0.058
17.2	0.058
17.204	0.058
17.208	0.058
17.212	0.058
17.216	0.058
17.22	0.058
17.224	0.058
17.228	0.058
17.232	0.061
17.236	0.061
17.24	0.061
17.244	0.061
17.248	0.054
17.252	0.107
17.256	0.058
17.26	0.062
17.264	0.062
17.268	0.059
17.272	0.058
17.276	0.058
17.28	0.059
17.284	0.057
17.288	0.063
17.292	0.045
17.296	0.118
17.3	0.051
17.304	0.034
17.308	0.196
17.312	0.045
17.316	0.037
17.32	0.039
17.324	0.039
17.328	0.043
17.332	0.044
17.336	0.045
17.34	0.014
17.344	0.007
17.348	0.002
17.352	6.78E-04
17.356	-4.35E-04
17.36	-0.001
17.364	-2.80E-04
17.368	3.00E-04
17.372	0.001
17.376	0.005
17.38	-0.002
17.384	0.12
17.388	0.042
17.392	0.051
17.396	0.057
17.4	0.047
17.404	0.045
17.408	0.04
17.412	0.025
17.416	0.182
17.42	0.054
17.424	0.054
17.428	0.058
17.432	0.058
17.436	0.058
17.44	0.058
17.444	0.055
17.448	0.055
17.452	0.055
17.456	0.054
17.46	0.054
17.464	0.054
17.468	0.053
17.472	0.06
17.476	0.05
17.48	0.054
17.484	0.054
17.488	0.055
17.492	0.051
17.496	0.052
17.5	0.052
17.504	0.051
17.508	0.054
17.512	0.054
17.516	0.054
17.52	0.054
17.524	0.054
17.528	0.054
17.532	0.054
17.536	0.055
17.54	0.054
17.544	0.058
17.548	0.058
17.552	0.058
17.556	0.058
17.56	0.058
17.564	0.055
17.568	0.055
17.572	0.055
17.576	0.055
17.58	0.054
17.584	0.059
17.588	0.051
17.592	0.055
17.596	0.055
17.6	0.054
17.604	0.055
17.608	0.055
17.612	0.055
17.616	0.054
17.62	0.055
17.624	0.054
17.628	0.058
17.632	0.058
17.636	0.058
17.64	0.058
17.644	0.058
17.648	0.061
17.652	0.061
17.656	0.061
17.66	0.062
17.664	0.062
17.668	0.062
17.672	0.062
17.676	0.061
17.68	0.062
17.684	0.061
17.688	0.053
17.692	0.116
17.696	0.058
17.7	0.061
17.704	0.062
17.708	0.058
17.712	0.058
17.716	0.058
17.72	0.058
17.724	0.058
17.728	0.058
17.732	0.054
17.736	0.058
17.74	0.058
17.744	0.058
17.748	0.058
17.752	0.058
17.756	0.058
17.76	0.054
17.764	0.058
17.768	0.058
17.772	0.058
17.776	0.058
17.78	0.058
17.784	0.058
17.788	0.058
17.792	0.058
17.796	0.058
17.8	0.049
17.804	0.111
17.808	0.058
17.812	0.058
17.816	0.058
17.82	0.058
17.824	0.058
17.828	0.055
17.832	0.058
17.836	0.055
17.84	0.055
17.844	0.055
17.848	0.055
17.852	0.055
17.856	0.054
17.86	0.055
17.864	0.054
17.868	0.055
17.872	0.055
17.876	0.055
17.88	0.055
17.884	0.055
17.888	0.054
17.892	0.055
17.896	0.054
17.9	0.058
17.904	0.054
17.908	0.056
17.912	0.067
17.916	0.058
17.92	0.058
17.924	0.059
17.928	0.058
17.932	0.058
17.936	0.058
17.94	0.058
17.944	0.058
17.948	0.061
17.952	0.061
17.956	0.062
17.96	0.062
17.964	0.062
17.968	0.062
17.972	0.061
17.976	0.061
17.98	0.062
17.984	0.053
17.988	0.116
17.992	0.048
17.996	0.122
18	0.036
18.004	0.188
18.008	0.048
18.012	0.028
18.016	0.185
18.02	0.067
18.024	0.038
18.028	0.034
18.032	0.027
18.036	0.049
18.04	0.045
18.044	0.019
18.048	0.008
18.052	0.003
18.056	0.002
18.06	4.52E-04
18.064	-3.71E-04
18.068	-2.80E-04
18.072	3.00E-04
18.076	0.001
18.08	0.005
18.084	0.007
18.088	0.028
18.092	0.052
18.096	0.042
18.1	0.048
18.104	0.066
18.108	0.06
18.112	0.047
18.116	0.042
18.12	0.03
18.124	0.173
18.128	0.04
18.132	0.121
18.136	0.058
18.14	0.058
18.144	0.059
18.148	0.058
18.152	0.058
18.156	0.058
18.16	0.058
18.164	0.058
18.168	0.058
18.172	0.058
18.176	0.058
18.18	0.058
18.184	0.058
18.188	0.058
18.192	0.058
18.196	0.058
18.2	0.058
18.204	0.058
18.208	0.058
18.212	0.058
18.216	0.058
18.22	0.058
18.224	0.061
18.228	0.061
18.232	0.061
18.236	0.061
18.24	0.053
18.244	0.11
18.248	0.062
18.252	0.054
18.256	0.11
18.26	0.062
18.264	0.062
18.268	0.062
18.272	0.062
18.276	0.055
18.28	0.107
18.284	0.062
18.288	0.062
18.292	0.061
18.296	0.065
18.3	0.055
18.304	0.098
18.308	0.106
18.312	0.062
18.316	0.062
18.32	0.062
18.324	0.062
18.328	0.062
18.332	0.062
18.336	0.061
18.34	0.065
18.344	0.065
18.348	0.062
18.352	0.054
18.356	0.11
18.36	0.062
18.364	0.062
18.368	0.062
18.372	0.062
18.376	0.062
18.38	0.062
18.384	0.062
18.388	0.061
18.392	0.062
18.396	0.062
18.4	0.062
18.404	0.062
18.408	0.062
18.412	0.062
18.416	0.062
18.42	0.062
18.424	0.062
18.428	0.062
18.432	0.062
18.436	0.062
18.44	0.061
18.444	0.062
18.448	0.061
18.452	0.061
18.456	0.061
18.46	0.053
18.464	0.114
18.468	0.062
18.472	0.061
18.476	0.066
18.48	0.062
18.484	0.062
18.488	0.062
18.492	0.062
18.496	0.062
18.5	0.061
18.504	0.062
18.508	0.061
18.512	0.062
18.516	0.061
18.52	0.061
18.524	0.061
18.528	0.061
18.532	0.061
18.536	0.061
18.54	0.062
18.544	0.058
18.548	0.058
18.552	0.058
18.556	0.058
18.56	0.061
18.564	0.058
18.568	0.058
18.572	0.051
18.576	0.102
18.58	0.058
18.584	0.058
18.588	0.062
18.592	0.059
18.596	0.058
18.6	0.058
18.604	0.058
18.608	0.058
18.612	0.058
18.616	0.062
18.62	0.058
18.624	0.058
18.628	0.062
18.632	0.058
18.636	0.058
18.64	0.059
18.644	0.058
18.648	0.058
18.652	0.058
18.656	0.058
18.66	0.058
18.664	0.061
18.668	0.062
18.672	0.058
18.676	0.058
18.68	0.05
18.684	0.111
18.688	0.062
18.692	0.058
18.696	0.062
18.7	0.059
18.704	0.058
18.708	0.05
18.712	0.114
18.716	0.037
18.72	0.092
18.724	0.196
18.728	0.046
18.732	0.037
18.736	0.033
18.74	0.03
18.744	0.048
18.748	0.049
18.752	0.018
18.756	0.009
18.76	0.003
18.764	0.002
18.768	7.69E-04
18.772	1.45E-04
18.776	2.36E-04
18.78	8.16E-04
18.784	0.002
18.788	0.005
18.792	0.011
18.796	-0.002
18.8	0.181
18.804	0.061
18.808	0.045
18.812	0.04
18.816	0.04
18.82	0.04
18.824	0.026
18.828	0.159
18.832	0.109
18.836	0.041
18.84	0.121
18.844	0.057
18.848	0.062
18.852	0.058
18.856	0.061
18.86	0.061
18.864	0.062
18.868	0.058
18.872	0.058
18.876	0.058
18.88	0.058
18.884	0.058
18.888	0.058
18.892	0.058
18.896	0.058
18.9	0.048
18.904	0.121
18.908	0.059
18.912	0.058
18.916	0.059
18.92	0.058
18.924	0.058
18.928	0.058
18.932	0.058
18.936	0.058
18.94	0.058
18.944	0.058
18.948	0.058
18.952	0.058
18.956	0.058
18.96	0.058
18.964	0.058
18.968	0.058
18.972	0.058
18.976	0.058
18.98	0.055
18.984	0.058
18.988	0.058
18.992	0.058
18.996	0.055
19	0.054
19.004	0.058
19.008	0.055
19.012	0.046
19.016	0.112
19.02	0.055
19.024	0.055
19.028	0.055
19.032	0.055
19.036	0.055
19.04	0.055
19.044	0.055
19.048	0.055
19.052	0.055
19.056	0.055
19.06	0.055
19.064	0.055
19.068	0.055
19.072	0.055
19.076	0.055
19.08	0.054
19.084	0.055
19.088	0.055
19.092	0.055
19.096	0.055
19.1	0.054
19.104	0.055
19.108	0.055
19.112	0.054
19.116	0.055
19.12	0.046
19.124	0.112
19.128	0.055
19.132	0.054
19.136	0.058
19.14	0.055
19.144	0.055
19.148	0.055
19.152	0.055
19.156	0.055
19.16	0.055
19.164	0.055
19.168	0.055
19.172	0.055
19.176	0.055
19.18	0.054
19.184	0.058
19.188	0.058
19.192	0.058
19.196	0.058
19.2	0.058
19.204	0.058
19.208	0.057
19.212	0.057
19.216	0.058
19.22	0.058
19.224	0.058
19.228	0.058
19.232	0.05
19.236	0.106
19.24	0.058
19.244	0.058
19.248	0.062
19.252	0.059
19.256	0.058
19.26	0.058
19.264	0.061
19.268	0.061
19.272	0.061
19.276	0.062
19.28	0.062
19.284	0.062
19.288	0.062
19.292	0.055
19.296	0.098
19.3	0.097
19.304	0.098
19.308	0.098
19.312	0.097
19.316	0.102
19.32	0.101
19.324	0.101
19.328	0.101
19.332	0.102
19.336	0.101
19.34	0.101
19.344	0.103
19.348	0.108
19.352	0.105
19.356	0.105
19.36	0.105
19.364	0.105
19.368	0.105
19.372	0.105
19.376	0.105
19.38	0.104
19.384	0.105
19.388	0.106
19.392	0.096
19.396	0.104
19.4	0.114
19.404	0.072
19.408	0.155
19.412	0.045
19.416	0.176
19.42	0.049
19.424	0.09
19.428	0.185
19.432	0.045
19.436	0.04
19.44	0.033
19.444	0.101
19.448	0.102
19.452	0.09
19.456	0.159
19.46	0.033
19.464	0.01
19.468	0.008
19.472	0.003
19.476	0.002
19.48	0.001
19.484	0.001
19.488	0.001
19.492	0.002
19.496	0.003
19.5	0.007
19.504	0.015
19.508	0.031
19.512	0.031
19.516	0.149
19.52	0.113
19.524	0.038
19.528	0.146
19.532	0.193
19.536	0.068
19.54	0.035
19.544	0.141
19.548	0.105
19.552	0.054
19.556	0.101
19.56	0.102
19.564	0.097
19.568	0.1
19.572	0.106
19.576	0.101
19.58	0.105
19.584	0.101
19.588	0.105
19.592	0.105
19.596	0.105
19.6	0.105
19.604	0.105
19.608	0.105
19.612	0.105
19.616	0.105
19.62	0.104
19.624	0.109
19.628	0.104
19.632	0.105
19.636	0.104
19.64	0.109
19.644	0.105
19.648	0.105
19.652	0.105
19.656	0.105
19.66	0.104
19.664	0.108
19.668	0.109
19.672	0.1
19.676	0.134
19.68	0.105
19.684	0.105
19.688	0.105
19.692	0.104
19.696	0.105
19.7	0.105
19.704	0.105
19.708	0.105
19.712	0.105
19.716	0.105
19.72	0.105
19.724	0.105
19.728	0.105
19.732	0.104
19.736	0.105
19.74	0.105
19.744	0.104
19.748	0.104
19.752	0.109
19.756	0.105
19.76	0.104
19.764	0.105
19.768	0.104
19.772	0.105
19.776	0.104
19.78	0.104
19.784	0.103
19.788	0.108
19.792	0.105
19.796	0.105
19.8	0.105
19.804	0.105
19.808	0.101
19.812	0.104
19.816	0.104
19.82	0.105
19.824	0.101
19.828	0.105
19.832	0.104
19.836	0.105
19.84	0.104
19.844	0.104
19.848	0.105
19.852	0.105
19.856	0.105
19.86	0.101
19.864	0.104
19.868	0.104
19.872	0.105
19.876	0.101
19.88	0.1
19.884	0.105
19.888	0.1
19.892	0.103
19.896	0.108
19.9	0.109
19.904	0.105
19.908	0.105
19.912	0.104
19.916	0.105
19.92	0.105
19.924	0.101
19.928	0.104
19.932	0.105
19.936	0.105
19.94	0.105
19.944	0.105
19.948	0.101
19.952	0.101
19.956	0.101
19.96	0.104
19.964	0.105
19.968	0.101
19.972	0.1
19.976	0.104
19.98	0.105
19.984	0.101
19.988	0.1
19.992	0.105
19.996	0.101
20	0.101
20.004	0.098
20.008	0.113
20.012	0.106
20.016	0.101
20.02	0.101
20.024	0.101
20.028	0.101
20.032	0.104
20.036	0.105
20.04	0.105
20.044	0.102
20.048	0.101
20.052	0.105
20.056	0.101
20.06	0.101
20.064	0.101
20.068	0.101
20.072	0.104
20.076	0.104
20.08	0.104
20.084	0.104
20.088	0.104
20.092	0.104
20.096	0.104
20.1	0.105
20.104	0.1
20.108	0.106
20.112	0.09
20.116	0.141
20.12	0.09
20.124	0.15
20.128	0.044
20.132	0.182
20.136	0.045
20.14	0.088
20.144	0.193
20.148	0.054
20.152	0.041
20.156	0.037
20.16	0.036
20.164	0.043
20.168	0.052
20.172	0.05
20.176	0.014
20.18	0.009
20.184	0.004
20.188	0.003
20.192	0.002
20.196	0.001
20.2	0.002
20.204	0.002
20.208	0.003
20.212	0.007
20.216	0.011
20.22	0.03
20.224	0.015
20.228	0.162
20.232	0.057
20.236	0.044
20.24	0.041
20.244	0.039
20.248	0.173
20.252	0.153
20.256	0.038
20.26	0.158
20.264	0.098
20.268	0.113
20.272	0.103
20.276	0.138
20.28	0.108
20.284	0.111
20.288	0.112
20.292	0.112
20.296	0.112
20.3	0.112
20.304	0.112
20.308	0.112
20.312	0.112
20.316	0.112
20.32	0.112
20.324	0.112
20.328	0.112
20.332	0.112
20.336	0.107
20.34	0.132
20.344	0.138
20.348	0.112
20.352	0.113
20.356	0.109
20.36	0.109
20.364	0.109
20.368	0.108
20.372	0.112
20.376	0.112
20.38	0.112
20.384	0.112
20.388	0.112
20.392	0.112
20.396	0.112
20.4	0.108
20.404	0.112
20.408	0.112
20.412	0.108
20.416	0.112
20.42	0.112
20.424	0.112
20.428	0.109
20.432	0.109
20.436	0.109
20.44	0.108
20.444	0.108
20.448	0.103
20.452	0.137
20.456	0.109
20.46	0.108
20.464	0.109
20.468	0.109
20.472	0.108
20.476	0.112
20.48	0.112
20.484	0.112
20.488	0.112
20.492	0.112
20.496	0.108
20.5	0.133
20.504	0.112
20.508	0.112
20.512	0.112
20.516	0.112
20.52	0.112
20.524	0.112
20.528	0.108
20.532	0.133
20.536	0.112
20.54	0.112
20.544	0.112
20.548	0.112
20.552	0.112
20.556	0.107
20.56	0.116
20.564	0.113
20.568	0.108
20.572	0.113
20.576	0.104
20.58	0.108
20.584	0.109
20.588	0.105
20.592	0.105
20.596	0.105
20.6	0.105
20.604	0.105
20.608	0.105
20.612	0.105
20.616	0.108
20.62	0.108
20.624	0.108
20.628	0.105
20.632	0.105
20.636	0.104
20.64	0.104
20.644	0.103
20.648	0.109
20.652	0.105
20.656	0.105
20.66	0.105
20.664	0.105
20.668	0.103
20.672	0.112
20.676	0.109
20.68	0.104
20.684	0.109
20.688	0.105
20.692	0.108
20.696	0.108
20.7	0.108
20.704	0.108
20.708	0.109
20.712	0.108
20.716	0.109
20.72	0.108
20.724	0.108
20.728	0.108
20.732	0.109
20.736	0.108
20.74	0.108
20.744	0.109
20.748	0.108
20.752	0.108
20.756	0.108
20.76	0.108
20.764	0.108
20.768	0.109
20.772	0.105
20.776	0.103
20.78	0.113
20.784	0.104
20.788	0.108
20.792	0.109
20.796	0.108
20.8	0.109
20.804	0.109
20.808	0.105
20.812	0.105
20.816	0.106
20.82	0.1
20.824	0.105
20.828	0.106
20.832	0.1
20.836	0.112
20.84	0.092
20.844	0.104
20.848	0.121
20.852	0.035
20.856	0.164
20.86	0.175
20.864	0.045
20.868	0.04
20.872	0.037
20.876	0.036
20.88	0.034
20.884	0.053
20.888	0.041
20.892	0.015
20.896	0.009
20.9	0.005
20.904	0.003
20.908	0.002
20.912	0.002
20.916	0.002
20.92	0.003
20.924	0.004
20.928	0.008
20.932	0.011
20.936	0.028
20.94	0.033
20.944	0.098
20.948	0.159
20.952	0.042
20.956	0.087
20.96	0.17
20.964	0.186
20.968	0.059
20.972	0.037
20.976	0.173
20.98	0.077
20.984	0.114
20.988	0.103
20.992	0.113
20.996	0.104
21	0.107
21.004	0.113
21.008	0.104
21.012	0.108
21.016	0.109
21.02	0.109
21.024	0.108
21.028	0.113
21.032	0.109
21.036	0.109
21.04	0.109
21.044	0.109
21.048	0.108
21.052	0.108
21.056	0.108
21.06	0.112
21.064	0.112
21.068	0.112
21.072	0.112
21.076	0.113
21.08	0.109
21.084	0.108
21.088	0.108
21.092	0.108
21.096	0.108
21.1	0.108
21.104	0.109
21.108	0.105
21.112	0.105
21.116	0.105
21.12	0.104
21.124	0.109
21.128	0.105
21.132	0.105
21.136	0.109
21.14	0.106
21.144	0.105
21.148	0.105
21.152	0.105
21.156	0.105
21.16	0.105
21.164	0.105
21.168	0.105
21.172	0.105
21.176	0.105
21.18	0.105
21.184	0.105
21.188	0.105
21.192	0.105
21.196	0.102
21.2	0.101
21.204	0.101
21.208	0.101
21.212	0.101
21.216	0.101
21.22	0.1
21.224	0.115
21.228	0.051
21.232	0.097
21.236	0.11
21.24	0.054
21.244	0.101
21.248	0.101
21.252	0.101
21.256	0.101
21.26	0.101
21.264	0.101
21.268	0.101
21.272	0.101
21.276	0.101
21.28	0.101
21.284	0.101
21.288	0.101
21.292	0.101
21.296	0.101
21.3	0.104
21.304	0.105
21.308	0.101
21.312	0.104
21.316	0.104
21.32	0.104
21.324	0.104
21.328	0.104
21.332	0.104
21.336	0.105
21.34	0.101
21.344	0.105
21.348	0.105
21.352	0.102
21.356	0.101
21.36	0.101
21.364	0.101
21.368	0.105
21.372	0.101
21.376	0.101
21.38	0.101
21.384	0.106
21.388	0.054
21.392	0.11
21.396	0.062
21.4	0.061
21.404	0.061
21.408	0.061
21.412	0.062
21.416	0.058
21.42	0.062
21.424	0.058
21.428	0.058
21.432	0.058
21.436	0.058
21.44	0.054
21.444	0.106
21.448	0.058
21.452	0.054
21.456	0.101
21.46	0.101
21.464	0.101
21.468	0.101
21.472	0.101
21.476	0.101
21.48	0.101
21.484	0.101
21.488	0.104
21.492	0.105
21.496	0.101
21.5	0.104
21.504	0.105
21.508	0.105
21.512	0.104
21.516	0.109
21.52	0.105
21.524	0.104
21.528	0.104
21.532	0.108
21.536	0.108
21.54	0.107
21.544	0.115
21.548	0.09
21.552	0.145
21.556	0.069
21.56	0.165
21.564	0.07
21.568	0.125
21.572	0.169
21.576	0.048
21.58	0.046
21.584	0.034
21.588	0.14
21.592	0.16
21.596	0.113
21.6	0.118
21.604	0.054
21.608	0.032
21.612	0.011
21.616	0.009
21.62	0.004
21.624	0.003
21.628	0.002
21.632	0.002
21.636	0.003
21.64	0.003
21.644	0.007
21.648	0.009
21.652	0.017
21.656	0.007
21.66	0.192
21.664	0.047
21.668	0.108
21.672	0.051
21.676	0.048
21.68	0.047
21.684	0.032
21.688	0.135
21.692	0.156
21.696	0.048
21.7	0.116
21.704	0.095
21.708	0.106
21.712	0.1
21.716	0.105
21.72	0.105
21.724	0.102
21.728	0.101
21.732	0.104
21.736	0.105
21.74	0.105
21.744	0.105
21.748	0.105
21.752	0.104
21.756	0.105
21.76	0.105
21.764	0.105
21.768	0.105
21.772	0.104
21.776	0.109
21.78	0.105
21.784	0.105
21.788	0.105
21.792	0.105
21.796	0.105
21.8	0.105
21.804	0.105
21.808	0.101
21.812	0.102
21.816	0.102
21.82	0.102
21.824	0.101
21.828	0.101
21.832	0.101
21.836	0.101
21.84	0.101
21.844	0.106
21.848	0.062
21.852	0.062
21.856	0.062
21.86	0.061
21.864	0.061
21.868	0.061
21.872	0.062
21.876	0.058
21.88	0.058
21.884	0.05
21.888	0.107
21.892	0.058
21.896	0.058
21.9	0.062
21.904	0.058
21.908	0.058
21.912	0.058
21.916	0.059
21.92	0.058
21.924	0.058
21.928	0.058
21.932	0.059
21.936	0.058
21.94	0.058
21.944	0.058
21.948	0.058
21.952	0.058
21.956	0.058
21.96	0.058
21.964	0.058
21.968	0.059
21.972	0.058
21.976	0.058
21.98	0.058
21.984	0.062
21.988	0.058
21.992	0.061
21.996	0.055
22	0.101
22.004	0.062
22.008	0.062
22.012	0.062
22.016	0.062
22.02	0.062
22.024	0.062
22.028	0.062
22.032	0.062
22.036	0.062
22.04	0.061
22.044	0.058
22.048	0.105
22.052	0.058
22.056	0.105
22.06	0.065
22.064	0.058
22.068	0.105
22.072	0.062
22.076	0.062
22.08	0.061
22.084	0.065
22.088	0.065
22.092	0.065
22.096	0.062
22.1	0.061
22.104	0.055
22.108	0.1
22.112	0.066
22.116	0.062
22.12	0.062
22.124	0.061
22.128	0.061
22.132	0.062
22.136	0.061
22.14	0.062
22.144	0.058
22.148	0.059
22.152	0.058
22.156	0.059
22.16	0.058
22.164	0.058
22.168	0.061
22.172	0.062
22.176	0.058
22.18	0.061
22.184	0.061
22.188	0.061
22.192	0.061
22.196	0.062
22.2	0.058
22.204	0.058
22.208	0.058
22.212	0.058
22.216	0.051
22.22	0.106
22.224	0.061
22.228	0.061
22.232	0.062
22.236	0.058
22.24	0.059
22.244	0.058
22.248	0.058
22.252	0.058
22.256	0.058
22.26	0.058
22.264	0.058
22.268	0.059
22.272	0.054
22.276	0.059
22.28	0.04
22.284	0.154
22.288	0.05
22.292	0.036
22.296	0.188
22.3	0.053
22.304	0.041
22.308	0.037
22.312	0.033
22.316	0.032
22.32	0.039
22.324	0.038
22.328	0.121
22.332	0.016
22.336	0.01
22.34	0.005
22.344	0.004
22.348	0.003
22.352	0.003
22.356	0.003
22.36	0.004
22.364	0.007
22.368	0.009
22.372	-0.004
22.376	0.166
22.38	0.043
22.384	0.036
22.388	0.102
22.392	0.151
22.396	0.161
22.4	0.18
22.404	0.06
22.408	0.046
22.412	0.044
22.416	0.122
22.42	0.046
22.424	0.111
22.428	0.061
22.432	0.061
22.436	0.054
22.44	0.11
22.444	0.054
22.448	0.101
22.452	0.11
22.456	0.062
22.46	0.054
22.464	0.102
22.468	0.098
22.472	0.097
22.476	0.101
22.48	0.101
22.484	0.101
22.488	0.11
22.492	0.054
22.496	0.101
22.5	0.101
22.504	0.102
22.508	0.106
22.512	0.062
22.516	0.062
22.52	0.061
22.524	0.061
22.528	0.061
22.532	0.061
22.536	0.061
22.54	0.061
22.544	0.061
22.548	0.053
22.552	0.11
22.556	0.062
22.56	0.062
22.564	0.062
22.568	0.058
22.572	0.059
22.576	0.058
22.58	0.058
22.584	0.058
22.588	0.058
22.592	0.058
22.596	0.058
22.6	0.058
22.604	0.058
22.608	0.058
22.612	0.058
22.616	0.058
22.62	0.058
22.624	0.058
22.628	0.058
22.632	0.058
22.636	0.058
22.64	0.061
22.644	0.061
22.648	0.058
22.652	0.062
22.656	0.058
22.66	0.049
22.664	0.115
22.668	0.062
22.672	0.061
22.676	0.062
22.68	0.058
22.684	0.058
22.688	0.058
22.692	0.062
22.696	0.058
22.7	0.058
22.704	0.061
22.708	0.061
22.712	0.061
22.716	0.061
22.72	0.062
22.724	0.058
22.728	0.058
22.732	0.058
22.736	0.058
22.74	0.062
22.744	0.058
22.748	0.062
22.752	0.057
22.756	0.061
22.76	0.058
22.764	0.058
22.768	0.058
22.772	0.049
22.776	0.115
22.78	0.062
22.784	0.062
22.788	0.062
22.792	0.058
22.796	0.058
22.8	0.058
22.804	0.058
22.808	0.058
22.812	0.059
22.816	0.058
22.82	0.058
22.824	0.058
22.828	0.058
22.832	0.058
22.836	0.058
22.84	0.058
22.844	0.058
22.848	0.058
22.852	0.058
22.856	0.058
22.86	0.058
22.864	0.058
22.868	0.057
22.872	0.058
22.876	0.054
22.88	0.05
22.884	0.107
22.888	0.058
22.892	0.058
22.896	0.058
22.9	0.058
22.904	0.058
22.908	0.058
22.912	0.058
22.916	0.058
22.92	0.058
22.924	0.058
22.928	0.055
22.932	0.055
22.936	0.055
22.94	0.055
22.944	0.054
22.948	0.055
22.952	0.055
22.956	0.055
22.96	0.054
22.964	0.055
22.968	0.054
22.972	0.054
22.976	0.054
22.98	0.058
22.984	0.054
22.988	0.057
22.992	0.052
22.996	0.087
23	0.063
23.004	0.04
23.008	0.154
23.012	0.05
23.016	0.036
23.02	0.186
23.024	0.057
23.028	0.045
23.032	0.037
23.036	0.036
23.04	0.031
23.044	0.046
23.048	0.035
23.052	0.183
23.056	0.016
23.06	0.01
23.064	0.006
23.068	0.004
23.072	0.004
23.076	0.003
23.08	0.004
23.084	0.004
23.088	0.008
23.092	0.009
23.096	0.013
23.1	0.015
23.104	0.117
23.108	0.053
23.112	0.048
23.116	0.153
23.12	0.158
23.124	0.162
23.128	0.056
23.132	0.046
23.136	0.041
23.14	0.117
23.144	0.053
23.148	0.058
23.152	0.058
23.156	0.058
23.16	0.058
23.164	0.058
23.168	0.058
23.172	0.058
23.176	0.058
23.18	0.058
23.184	0.058
23.188	0.058
23.192	0.058
23.196	0.058
23.2	0.058
23.204	0.058
23.208	0.058
23.212	0.049
23.216	0.112
23.22	0.058
23.224	0.058
23.228	0.059
23.232	0.058
23.236	0.058
23.24	0.058
23.244	0.058
23.248	0.058
23.252	0.058
23.256	0.058
23.26	0.058
23.264	0.058
23.268	0.058
23.272	0.058
23.276	0.058
23.28	0.058
23.284	0.058
23.288	0.058
23.292	0.058
23.296	0.058
23.3	0.055
23.304	0.054
23.308	0.057
23.312	0.057
23.316	0.057
23.32	0.058
23.324	0.046
23.328	0.112
23.332	0.058
23.336	0.058
23.34	0.058
23.344	0.055
23.348	0.054
23.352	0.058
23.356	0.058
23.36	0.054
23.364	0.058
23.368	0.058
23.372	0.054
23.376	0.058
23.38	0.058
23.384	0.058
23.388	0.055
23.392	0.054
23.396	0.058
23.4	0.058
23.404	0.054
23.408	0.057
23.412	0.058
23.416	0.058
23.42	0.058
23.424	0.057
23.428	0.058
23.432	0.058
23.436	0.049
23.44	0.111
23.444	0.058
23.448	0.058
23.452	0.058
23.456	0.058
23.46	0.058
23.464	0.058
23.468	0.058
23.472	0.058
23.476	0.058
23.48	0.058
23.484	0.058
23.488	0.058
23.492	0.058
23.496	0.058
23.5	0.058
23.504	0.058
23.508	0.062
23.512	0.058
23.516	0.058
23.52	0.058
23.524	0.058
23.528	0.058
23.532	0.057
23.536	0.061
23.54	0.061
23.544	0.058
23.548	0.05
23.552	0.107
23.556	0.058
23.56	0.061
23.564	0.061
23.568	0.061
23.572	0.062
23.576	0.058
23.58	0.061
23.584	0.061
23.588	0.061
23.592	0.061
23.596	0.062
23.6	0.058
23.604	0.058
23.608	0.058
23.612	0.058
23.616	0.058
23.62	0.058
23.624	0.057
23.628	0.061
23.632	0.058
23.636	0.058
23.64	0.058
23.644	0.058
23.648	0.058
23.652	0.058
23.656	0.049
23.66	0.111
23.664	0.058
23.668	0.058
23.672	0.058
23.676	0.058
23.68	0.058
23.684	0.058
23.688	0.058
23.692	0.058
23.696	0.058
23.7	0.058
23.704	0.058
23.708	0.058
23.712	0.058
23.716	0.058
23.72	0.058
23.724	0.059
23.728	0.044
23.732	0.123
23.736	0.042
23.74	0.092
23.744	0.168
23.748	0.048
23.752	0.04
23.756	0.04
23.76	0.04
23.764	0.036
23.768	0.034
23.772	0.05
23.776	0.033
23.78	0.068
23.784	0.012
23.788	0.01
23.792	0.006
23.796	0.005
23.8	0.004
23.804	0.004
23.808	0.005
23.812	0.005
23.816	0.009
23.82	0.01
23.824	0.018
23.828	0.011
23.832	0.173
23.836	0.052
23.84	0.044
23.844	0.04
23.848	0.043
23.852	0.043
23.856	0.031
23.86	0.107
23.864	0.153
23.868	0.05
23.872	0.057
23.876	0.062
23.88	0.047
23.884	0.102
23.888	0.054
23.892	0.058
23.896	0.058
23.9	0.058
23.904	0.058
23.908	0.058
23.912	0.058
23.916	0.058
23.92	0.058
23.924	0.058
23.928	0.058
23.932	0.058
23.936	0.058
23.94	0.058
23.944	0.058
23.948	0.058
23.952	0.058
23.956	0.058
23.96	0.055
23.964	0.055
23.968	0.054
23.972	0.054
23.976	0.054
23.98	0.054
23.984	0.054
23.988	0.054
23.992	0.046
23.996	0.112
24	0.055
24.004	0.054
24.008	0.055
24.012	0.055
24.016	0.054
24.02	0.058
24.024	0.058
24.028	0.058
24.032	0.058
24.036	0.058
24.04	0.058
24.044	0.058
24.048	0.058
24.052	0.058
24.056	0.058
24.06	0.058
24.064	0.058
24.068	0.054
24.072	0.057
24.076	0.058
24.08	0.057
24.084	0.057
24.088	0.058
24.092	0.055
24.096	0.055
24.1	0.046
24.104	0.112
24.108	0.054
24.112	0.055
24.116	0.055
24.12	0.054
24.124	0.058
24.128	0.058
24.132	0.055
24.136	0.054
24.14	0.058
24.144	0.058
24.148	0.058
24.152	0.058
24.156	0.058
24.16	0.058
24.164	0.058
24.168	0.058
24.172	0.058
24.176	0.058
24.18	0.058
24.184	0.054
24.188	0.058
24.192	0.055
24.196	0.055
24.2	0.055
24.204	0.054
24.208	0.058
24.212	0.046
24.216	0.111
24.22	0.054
24.224	0.054
24.228	0.055
24.232	0.054
24.236	0.058
24.24	0.055
24.244	0.055
24.248	0.055
24.252	0.054
24.256	0.055
24.26	0.054
24.264	0.058
24.268	0.058
24.272	0.058
24.276	0.055
24.28	0.055
24.284	0.055
24.288	0.054
24.292	0.058
24.296	0.055
24.3	0.055
24.304	0.054
24.308	0.054
24.312	0.055
24.316	0.054
24.32	0.054
24.324	0.053
24.328	0.06
24.332	0.051
24.336	0.054
24.34	0.054
24.344	0.054
24.348	0.054
24.352	0.055
24.356	0.055
24.36	0.055
24.364	0.054
24.368	0.055
24.372	0.055
24.376	0.055
24.38	0.055
24.384	0.055
24.388	0.055
24.392	0.054
24.396	0.054
24.4	0.054
24.404	0.054
24.408	0.054
24.412	0.054
24.416	0.054
24.42	0.054
24.424	0.054
24.428	0.054
24.432	0.054
24.436	0.054
24.44	0.059
24.444	0.055
24.448	0.054
24.452	0.054
24.456	0.059
24.46	0.05
24.464	0.059
24.468	0.052
24.472	0.045
24.476	0.046
24.48	0.166
24.484	0.163
24.488	0.053
24.492	0.041
24.496	0.042
24.5	0.148
24.504	0.186
24.508	0.04
24.512	0.017
24.516	0.011
24.52	0.009
24.524	0.005
24.528	0.005
24.532	0.004
24.536	0.005
24.54	0.005
24.544	0.006
24.548	0.01
24.552	0.014
24.556	0.006
24.56	0.18
24.564	0.034
24.568	0.086
24.572	0.152
24.576	0.159
24.58	0.167
24.584	0.176
24.588	0.056
24.592	0.046
24.596	0.05
24.6	0.108
24.604	0.046
24.608	0.111
24.612	0.058
24.616	0.062
24.62	0.058
24.624	0.058
24.628	0.062
24.632	0.058
24.636	0.058
24.64	0.058
24.644	0.058
24.648	0.058
24.652	0.058
24.656	0.05
24.66	0.107
24.664	0.058
24.668	0.054
24.672	0.058
24.676	0.055
24.68	0.055
24.684	0.055
24.688	0.055
24.692	0.055
24.696	0.055
24.7	0.054
24.704	0.054
24.708	0.054
24.712	0.054
24.716	0.054
24.72	0.054
24.724	0.054
24.728	0.054
24.732	0.054
24.736	0.054
24.74	0.054
24.744	0.054
24.748	0.054
24.752	0.054
24.756	0.054
24.76	0.054
24.764	0.054
24.768	0.053
24.772	0.063
24.776	0.054
24.78	0.054
24.784	0.055
24.788	0.054
24.792	0.055
24.796	0.054
24.8	0.055
24.804	0.054
24.808	0.058
24.812	0.058
24.816	0.058
24.82	0.058
24.824	0.058
24.828	0.058
24.832	0.061
24.836	0.061
24.84	0.054
24.844	0.101
24.848	0.098
24.852	0.097
24.856	0.101
24.86	0.101
24.864	0.101
24.868	0.101
24.872	0.101
24.876	0.101
24.88	0.099
24.884	0.11
24.888	0.102
24.892	0.101
24.896	0.102
24.9	0.101
24.904	0.101
24.908	0.101
24.912	0.102
24.916	0.101
24.92	0.102
24.924	0.101
24.928	0.105
24.932	0.105
24.936	0.105
24.94	0.105
24.944	0.105
24.948	0.105
24.952	0.105
24.956	0.105
24.96	0.105
24.964	0.104
24.968	0.109
24.972	0.105
24.976	0.105
24.98	0.105
24.984	0.101
24.988	0.103
24.992	0.113
24.996	0.105
25	0.109
25.004	0.105
25.008	0.105
25.012	0.105
25.016	0.105
25.02	0.105
25.024	0.106
25.028	0.102
25.032	0.101
25.036	0.101
25.04	0.101
25.044	0.11
25.048	0.054
25.052	0.106
25.056	0.062
25.06	0.061
25.064	0.061
25.068	0.061
25.072	0.061
25.076	0.061
25.08	0.061
25.084	0.061
25.088	0.061
25.092	0.061
25.096	0.061
25.1	0.054
25.104	0.106
25.108	0.061
25.112	0.061
25.116	0.062
25.12	0.058
25.124	0.062
25.128	0.058
25.132	0.061
25.136	0.061
25.14	0.061
25.144	0.061
25.148	0.061
25.152	0.061
25.156	0.061
25.16	0.061
25.164	0.062
25.168	0.062
25.172	0.061
25.176	0.065
25.18	0.065
25.184	0.061
25.188	0.065
25.192	0.062
25.196	0.047
25.2	0.126
25.204	0.055
25.208	0.047
25.212	0.031
25.216	0.159
25.22	0.164
25.224	0.164
25.228	0.177
25.232	0.051
25.236	0.053
25.24	0.039
25.244	0.022
25.248	0.013
25.252	0.008
25.256	0.006
25.26	0.005
25.264	0.005
25.268	0.005
25.272	0.006
25.276	0.006
25.28	0.01
25.284	0.015
25.288	1.10E-04
25.292	0.194
25.296	0.04
25.3	0.04
25.304	0.153
25.308	0.146
25.312	0.158
25.316	0.177
25.32	0.157
25.324	0.054
25.328	0.045
25.332	0.116
25.336	0.058
25.34	0.058
25.344	0.058
25.348	0.058
25.352	0.058
25.356	0.058
25.36	0.058
25.364	0.058
25.368	0.058
25.372	0.058
25.376	0.058
25.38	0.058
25.384	0.058
25.388	0.058
25.392	0.058
25.396	0.058
25.4	0.058
25.404	0.057
25.408	0.057
25.412	0.058
25.416	0.055
25.42	0.054
25.424	0.054
25.428	0.054
25.432	0.046
25.436	0.107
25.44	0.059
25.444	0.054
25.448	0.055
25.452	0.051
25.456	0.055
25.46	0.051
25.464	0.051
25.468	0.051
25.472	0.051
25.476	0.051
25.48	0.051
25.484	0.051
25.488	0.051
25.492	0.051
25.496	0.051
25.5	0.051
25.504	0.051
25.508	0.051
25.512	0.051
25.516	0.051
25.52	0.051
25.524	0.051
25.528	0.051
25.532	0.051
25.536	0.051
25.54	0.051
25.544	0.048
25.548	0.063
25.552	0.051
25.556	0.051
25.56	0.055
25.564	0.051
25.568	0.051
25.572	0.051
25.576	0.051
25.58	0.051
25.584	0.051
25.588	0.051
25.592	0.051
25.596	0.051
25.6	0.051
25.604	0.051
25.608	0.051
25.612	0.051
25.616	0.051
25.62	0.051
25.624	0.051
25.628	0.051
25.632	0.05
25.636	0.051
25.64	0.051
25.644	0.051
25.648	0.05
25.652	0.05
25.656	0.049
25.66	0.06
25.664	0.051
25.668	0.051
25.672	0.051
25.676	0.051
25.68	0.051
25.684	0.051
25.688	0.051
25.692	0.051
25.696	0.051
25.7	0.051
25.704	0.051
25.708	0.051
25.712	0.051
25.716	0.051
25.72	0.051
25.724	0.051
25.728	0.051
25.732	0.051
25.736	0.051
25.74	0.051
25.744	0.051
25.748	0.051
25.752	0.051
25.756	0.051
25.76	0.051
25.764	0.051
25.768	0.049
25.772	0.059
25.776	0.051
25.78	0.051
25.784	0.051
25.788	0.051
25.792	0.051
25.796	0.051
25.8	0.051
25.804	0.051
25.808	0.05
25.812	0.051
25.816	0.051
25.82	0.051
25.824	0.051
25.828	0.051
25.832	0.051
25.836	0.051
25.84	0.051
25.844	0.051
25.848	0.051
25.852	0.051
25.856	0.05
25.86	0.05
25.864	0.05
25.868	0.05
25.872	0.05
25.876	0.05
25.88	0.049
25.884	0.055
25.888	0.051
25.892	0.051
25.896	0.051
25.9	0.051
25.904	0.051
25.908	0.048
25.912	0.048
25.916	0.048
25.92	0.047
25.924	0.048
25.928	0.047
25.932	0.051
25.936	0.049
25.94	0.043
25.944	0.041
25.948	0.042
25.952	0.163
25.956	0.164
25.96	0.166
25.964	0.189
25.968	0.047
25.972	0.049
25.976	0.03
25.98	0.031
25.984	0.012
25.988	0.01
25.992	0.007
25.996	0.006
26	0.006
26.004	0.006
26.008	0.006
26.012	0.01
26.016	0.011
26.02	0.016
26.024	-0.002
26.028	0.257
26.032	0.04
26.036	0.033
26.04	0.078
26.044	0.209
26.048	0.236
26.052	0.127
26.056	0.052
26.06	0.046
26.064	0.045
26.068	0.059
26.072	0.051
26.076	0.05
26.08	0.054
26.084	0.051
26.088	0.054
26.092	0.054
26.096	0.054
26.1	0.052
26.104	0.062
26.108	0.059
26.112	0.054
26.116	0.055
26.12	0.054
26.124	0.054
26.128	0.054
26.132	0.055
26.136	0.055
26.14	0.058
26.144	0.058
26.148	0.058
26.152	0.058
26.156	0.061
26.16	0.061
26.164	0.061
26.168	0.061
26.172	0.061
26.176	0.061
26.18	0.054
26.184	0.101
26.188	0.101
26.192	0.101
26.196	0.101
26.2	0.101
26.204	0.101
26.208	0.101
26.212	0.1
26.216	0.105
26.22	0.106
26.224	0.101
26.228	0.105
26.232	0.101
26.236	0.101
26.24	0.102
26.244	0.101
26.248	0.102
26.252	0.101
26.256	0.101
26.26	0.102
26.264	0.101
26.268	0.101
26.272	0.101
26.276	0.101
26.28	0.104
26.284	0.105
26.288	0.101
26.292	0.101
26.296	0.104
26.3	0.105
26.304	0.101
26.308	0.101
26.312	0.1
26.316	0.105
26.32	0.101
26.324	0.099
26.328	0.108
26.332	0.105
26.336	0.101
26.34	0.106
26.344	0.101
26.348	0.102
26.352	0.101
26.356	0.101
26.36	0.104
26.364	0.105
26.368	0.101
26.372	0.101
26.376	0.104
26.38	0.104
26.384	0.105
26.388	0.101
26.392	0.101
26.396	0.101
26.4	0.101
26.404	0.101
26.408	0.101
26.412	0.101
26.416	0.101
26.42	0.101
26.424	0.101
26.428	0.101
26.432	0.101
26.436	0.099
26.44	0.11
26.444	0.101
26.448	0.097
26.452	0.111
26.456	0.062
26.46	0.062
26.464	0.055
26.468	0.097
26.472	0.101
26.476	0.101
26.48	0.102
26.484	0.097
26.488	0.101
26.492	0.097
26.496	0.101
26.5	0.101
26.504	0.101
26.508	0.101
26.512	0.101
26.516	0.102
26.52	0.097
26.524	0.101
26.528	0.101
26.532	0.102
26.536	0.097
26.54	0.101
26.544	0.097
